Date,Open,High,Low,Close
2016-12-19,999.58,1003.57,993.68,999.74
2016-12-20,999.76,1005.79,999.19,1002.3
2016-12-21,1002.32,1005.44,1000.18,1002.97
2016-12-22,1002.89,1007.46,1000.51,1005.73
2016-12-23,1005.67,1009.6,1003.78,1007.37
2016-12-27,1007.61,1011.75,1007.6,1011.75
2016-12-28,1011.34,1012.81,1009.02,1012.81
2016-12-29,1012.31,1016.82,1007.01,1016.69
2016-12-30,1016.78,1017.09,1013.65,1015.88
2017-01-02,1015.74,1035.39,1014.99,1034.03
2017-01-03,1034.61,1041.93,1030.88,1030.89
2017-01-04,1030.78,1033.01,1025.42,1025.78
2017-01-05,1025.84,1036.18,1025.59,1034.99
2017-01-06,1035.18,1040.3,1033.97,1037.59
2017-01-09,1037.59,1042.46,1030.29,1031.5
2017-01-10,1031.75,1034.11,1025.94,1026.3
2017-01-11,1027.33,1034.34,1025.47,1034.27
2017-01-12,1033.48,1033.48,1020.25,1024.95
2017-01-13,1025.05,1039.68,1025.05,1039.68
2017-01-16,1039.53,1042.79,1037.94,1038.29
2017-01-17,1038.06,1038.06,1031.04,1033.55
2017-01-18,1033.6,1037.08,1027.04,1030.35
2017-01-19,1030.64,1035.13,1029.07,1033.5
2017-01-20,1033.44,1036.09,1029.06,1033.49
2017-01-23,1032.64,1032.64,1025.85,1026.28
2017-01-24,1026.86,1031.75,1023.1,1024.96
2017-01-25,1025.92,1038.84,1025.92,1038.84
2017-01-26,1039.02,1049.54,1039.02,1044.71
2017-01-27,1045.08,1052.62,1043.24,1052.62
2017-01-30,1052.46,1052.46,1044.15,1048.15
2017-01-31,1048.14,1055.72,1047.09,1049.56
2017-02-01,1049.63,1066.15,1049.63,1061.13
2017-02-02,1065.04,1065.22,1049.96,1055.49
2017-02-03,1055.72,1061.05,1054.8,1060.79
2017-02-06,1060.74,1063.48,1053.77,1053.77
2017-02-07,1053.41,1053.42,1047.25,1052.38
2017-02-08,1052.93,1052.93,1042.29,1044.9
2017-02-09,1045.18,1061.03,1045.18,1060.94
2017-02-10,1060.94,1067.28,1058.77,1065.91
2017-02-13,1065.91,1071.64,1064.95,1071.58
2017-02-14,1071.24,1074.1,1067.54,1071.5
2017-02-15,1072.25,1075.34,1071.08,1074.79
2017-02-16,1074.91,1079.19,1073.78,1076.81
2017-02-17,1076.81,1077.09,1067.81,1072.36
2017-02-20,1072.99,1076.49,1066.54,1067.82
2017-02-21,1067.45,1077.0,1063.46,1076.86
2017-02-22,1076.52,1077.66,1069.64,1074.72
2017-02-23,1074.75,1078.08,1072.39,1072.43
2017-02-24,1073.8,1073.8,1060.51,1061.08
2017-02-27,1061.92,1065.45,1057.93,1059.72
2017-02-28,1059.79,1062.82,1053.85,1060.33
2017-03-01,1060.6,1073.19,1060.6,1072.33
2017-03-02,1072.63,1076.95,1072.11,1072.68
2017-03-03,1072.54,1072.54,1064.51,1066.51
2017-03-06,1066.55,1066.55,1059.7,1061.95
2017-03-07,1061.8,1062.9,1055.38,1056.49
2017-03-08,1056.56,1058.77,1053.11,1057.43
2017-03-09,1057.47,1058.01,1050.05,1056.09
2017-03-10,1056.28,1065.81,1056.28,1065.53
2017-03-13,1065.99,1070.02,1064.84,1070.02
2017-03-14,1070.02,1073.11,1067.76,1071.32
2017-03-15,1071.35,1073.31,1068.83,1073.05
2017-03-16,1073.08,1081.15,1073.08,1078.01
2017-03-17,1077.97,1077.97,1071.01,1075.63
2017-03-20,1075.52,1076.97,1072.09,1075.44
2017-03-21,1075.62,1079.34,1059.71,1061.12
2017-03-22,1060.41,1060.41,1042.82,1054.3
2017-03-23,1054.3,1064.73,1053.27,1064.53
2017-03-24,1064.77,1067.85,1062.0,1066.9
2017-03-27,1065.84,1065.84,1058.5,1062.49
2017-03-28,1063.23,1068.98,1063.23,1067.84
2017-03-29,1068.06,1069.38,1062.47,1067.4
2017-03-30,1068.31,1073.61,1068.23,1072.92
2017-03-31,1073.01,1076.82,1067.11,1075.07
2017-04-03,1075.07,1078.77,1066.0,1066.0
2017-04-04,1065.94,1076.75,1065.94,1076.56
2017-04-05,1077.41,1082.03,1077.17,1078.86
2017-04-06,1077.82,1080.38,1071.1,1077.86
2017-04-07,1077.35,1077.35,1069.73,1073.42
2017-04-10,1073.57,1080.71,1073.57,1080.66
2017-04-11,1080.85,1084.94,1075.65,1080.15
2017-04-12,1080.2,1089.49,1080.2,1088.49
2017-04-18,1088.41,1089.34,1070.65,1073.39
2017-04-19,1073.54,1083.5,1073.54,1081.59
2017-04-20,1081.37,1090.51,1081.37,1090.44
2017-04-21,1090.47,1092.46,1082.4,1082.56
2017-04-24,1086.61,1100.67,1086.61,1098.86
2017-04-25,1098.86,1105.18,1098.5,1104.57
2017-04-26,1104.7,1115.1,1103.3,1115.1
2017-04-27,1115.18,1120.56,1110.37,1120.12
2017-04-28,1120.23,1127.39,1118.6,1126.44
2017-05-01,1126.25,1128.82,1124.51,1124.61
2017-05-02,1124.83,1129.73,1123.81,1128.7
2017-05-03,1135.8,1139.41,1129.03,1129.61
2017-05-04,1130.44,1139.22,1130.44,1134.4
2017-05-05,1134.11,1146.22,1133.48,1145.77
2017-05-08,1146.05,1151.49,1138.77,1144.07
2017-05-09,1144.48,1152.84,1137.12,1137.57
2017-05-10,1136.99,1146.55,1132.96,1146.55
2017-05-11,1147.04,1151.89,1140.76,1144.44
2017-05-15,1144.92,1153.44,1144.92,1149.64
2017-05-16,1149.54,1151.03,1142.73,1146.06
2017-05-17,1146.06,1146.06,1123.3,1123.3
2017-05-18,1123.14,1131.09,1118.34,1129.74
2017-05-19,1130.02,1140.2,1130.02,1138.08
2017-05-22,1138.08,1144.43,1138.08,1142.7
2017-05-23,1142.66,1143.97,1136.2,1143.95
2017-05-24,1143.95,1144.31,1138.96,1143.97
2017-05-29,1143.57,1143.57,1136.02,1137.41
2017-05-30,1137.41,1139.78,1129.36,1139.78
2017-05-31,1139.76,1152.5,1139.55,1150.02
2017-06-01,1150.02,1155.53,1147.95,1152.46
2017-06-02,1151.97,1165.53,1151.97,1162.0
2017-06-06,1161.36,1165.3,1159.98,1161.44
2017-06-07,1161.44,1163.13,1155.43,1157.17
2017-06-08,1157.17,1163.17,1152.13,1152.42
2017-06-09,1152.42,1161.47,1152.42,1160.29
2017-06-12,1160.14,1160.35,1152.28,1152.99
2017-06-13,1152.99,1165.51,1152.99,1165.09
2017-06-14,1165.27,1175.64,1165.27,1167.44
2017-06-15,1166.69,1166.69,1150.04,1153.3
2017-06-16,1153.74,1161.51,1153.71,1160.17
2017-06-19,1160.17,1176.52,1160.17,1176.42
2017-06-20,1176.42,1179.78,1172.11,1172.15
2017-06-21,1172.15,1172.79,1161.06,1169.76
2017-06-22,1169.93,1169.97,1163.91,1166.96
2017-06-23,1167.05,1167.05,1162.74,1165.59
2017-06-26,1165.52,1169.86,1165.38,1165.38
2017-06-27,1165.38,1165.38,1150.71,1151.68
2017-06-28,1151.68,1151.68,1140.47,1149.32
2017-06-29,1149.43,1154.71,1132.96,1136.0
2017-06-30,1136.0,1146.26,1128.35,1143.24
2017-07-03,1143.24,1156.24,1143.24,1156.16
2017-07-04,1156.16,1156.16,1150.07,1153.09
2017-07-05,1153.09,1158.96,1151.32,1158.92
2017-07-06,1158.92,1161.71,1146.65,1149.63
2017-07-07,1149.49,1151.32,1142.62,1151.0
2017-07-10,1151.0,1160.37,1151.0,1158.68
2017-07-11,1158.68,1161.8,1151.88,1155.6
2017-07-12,1155.6,1167.17,1154.64,1166.34
2017-07-13,1166.51,1167.68,1163.58,1166.01
2017-07-14,1165.94,1172.59,1165.94,1172.01
2017-07-17,1172.06,1178.42,1170.79,1177.72
2017-07-18,1177.72,1181.22,1172.74,1174.91
2017-07-19,1175.15,1180.4,1172.59,1175.97
2017-07-20,1176.01,1181.11,1173.58,1175.26
2017-07-21,1175.06,1180.13,1162.9,1166.74
2017-07-24,1167.11,1169.3,1152.78,1154.14
2017-07-25,1154.53,1164.98,1153.48,1161.72
2017-07-26,1161.62,1170.18,1160.01,1167.34
2017-07-27,1166.96,1171.08,1166.38,1170.59
2017-07-28,1170.59,1170.83,1161.42,1164.72
2017-07-31,1164.74,1172.96,1164.65,1168.66
2017-08-01,1168.66,1172.23,1164.85,1169.88
2017-08-02,1169.88,1174.96,1162.86,1164.98
2017-08-03,1165.11,1167.88,1158.66,1159.88
2017-08-04,1159.88,1169.53,1157.23,1169.53
2017-08-07,1169.53,1173.34,1168.37,1170.2
2017-08-08,1170.2,1170.36,1157.22,1161.08
2017-08-09,1161.08,1171.19,1159.52,1170.27
2017-08-10,1170.27,1170.95,1159.69,1159.95
2017-08-11,1159.95,1162.99,1145.77,1162.46
2017-08-14,1162.46,1171.75,1162.46,1167.06
2017-08-15,1167.06,1171.35,1163.46,1165.21
2017-08-16,1165.21,1174.65,1162.39,1165.2
2017-08-17,1165.2,1169.2,1152.67,1152.67
2017-08-18,1152.67,1154.25,1145.7,1150.31
2017-08-21,1150.31,1160.31,1148.94,1152.5
2017-08-22,1152.5,1167.91,1152.28,1167.26
2017-08-23,1167.26,1167.26,1158.39,1159.56
2017-08-24,1159.56,1172.72,1158.17,1170.94
2017-08-25,1170.94,1174.57,1168.22,1168.22
2017-08-28,1168.22,1170.32,1163.91,1166.47
2017-08-29,1166.47,1166.47,1150.67,1155.54
2017-08-30,1155.54,1163.76,1155.54,1161.94
2017-08-31,1161.94,1175.96,1161.94,1174.72
2017-09-01,1174.72,1182.03,1174.72,1181.04
2017-09-04,1181.04,1181.04,1173.58,1174.86
2017-09-05,1174.86,1175.36,1165.93,1166.91
2017-09-06,1166.91,1167.18,1153.98,1157.82
2017-09-07,1157.82,1165.22,1154.08,1164.63
2017-09-08,1164.63,1165.55,1161.62,1164.25
2017-09-11,1164.25,1174.5,1164.08,1173.92
2017-09-12,1173.92,1179.54,1169.42,1173.52
2017-09-13,1173.52,1173.52,1167.66,1170.83
2017-09-14,1170.83,1172.19,1168.67,1171.82
2017-09-15,1171.82,1171.82,1149.18,1149.18
2017-09-18,1149.18,1160.25,1149.18,1158.35
2017-09-19,1158.35,1162.47,1156.24,1160.43
2017-09-20,1160.43,1166.98,1160.43,1164.74
2017-09-21,1164.74,1172.81,1163.75,1166.67
2017-09-22,1166.58,1170.97,1163.38,1168.92
2017-09-25,1168.92,1179.32,1167.33,1177.43
2017-09-26,1177.43,1177.43,1166.33,1166.52
2017-09-27,1166.52,1171.11,1161.1,1169.3
2017-09-28,1169.83,1177.37,1169.83,1176.92
2017-09-29,1177.33,1178.57,1172.57,1173.99
2017-10-02,1173.99,1185.21,1173.99,1185.14
2017-10-03,1185.14,1187.11,1183.35,1184.51
2017-10-04,1184.51,1187.74,1182.82,1187.35
2017-10-05,1187.35,1190.61,1183.9,1187.61
2017-10-06,1187.61,1191.59,1181.41,1182.02
2017-10-09,1182.02,1184.59,1179.82,1183.27
2017-10-10,1183.27,1187.59,1179.83,1185.75
2017-10-11,1185.75,1193.35,1185.73,1192.85
2017-10-12,1192.33,1196.58,1190.42,1190.82
2017-10-13,1190.82,1190.82,1176.91,1179.38
2017-10-16,1179.28,1185.03,1174.45,1182.08
2017-10-17,1182.08,1184.06,1173.11,1176.11
2017-10-18,1176.11,1188.59,1176.11,1186.2
2017-10-19,1186.2,1194.29,1176.25,1178.54
2017-10-20,1178.95,1185.85,1178.95,1182.32
2017-10-23,1182.32,1186.49,1180.51,1182.94
2017-10-24,1182.94,1182.94,1172.53,1174.18
2017-10-25,1174.18,1182.58,1171.6,1176.65
2017-10-26,1176.65,1182.08,1173.25,1179.94
2017-10-27,1180.9,1189.96,1180.9,1188.38
2017-10-30,1188.38,1195.55,1186.99,1195.49
2017-10-31,1195.49,1198.25,1191.5,1195.61
2017-11-01,1195.61,1201.37,1193.8,1196.67
2017-11-02,1196.67,1205.25,1178.86,1183.24
2017-11-03,1183.24,1185.95,1168.58,1169.71
2017-11-06,1170.2,1182.71,1169.93,1180.85
2017-11-07,1179.33,1181.47,1169.09,1169.09
2017-11-08,1169.09,1174.94,1167.83,1174.48
2017-11-09,1174.48,1175.33,1136.37,1138.45
2017-11-10,1138.45,1142.77,1131.94,1134.46
2017-11-13,1134.46,1136.64,1118.2,1123.19
2017-11-14,1123.19,1126.81,1112.06,1116.02
2017-11-15,1116.02,1117.73,1105.83,1116.72
2017-11-16,1117.35,1131.63,1117.35,1130.95
2017-11-17,1130.95,1134.2,1123.35,1127.61
2017-11-20,1127.61,1129.71,1118.76,1127.88
2017-11-21,1127.88,1127.95,1120.28,1124.89
2017-11-22,1124.89,1130.58,1123.24,1124.56
2017-11-24,1118.55,1119.68,1112.81,1113.76
2017-11-27,1113.76,1113.76,1105.86,1105.94
2017-11-28,1105.94,1122.36,1098.78,1121.13
2017-11-29,1123.87,1131.51,1117.38,1121.38
2017-11-30,1121.36,1130.73,1117.92,1129.59
2017-12-01,1129.39,1137.68,1121.35,1124.77
2017-12-04,1126.39,1129.86,1120.04,1120.09
2017-12-05,1119.97,1124.52,1106.39,1107.44
2017-12-06,1107.28,1114.67,1103.64,1112.06
2017-12-07,1111.59,1123.84,1111.59,1117.19
2017-12-08,1116.7,1128.76,1116.7,1128.45
2017-12-11,1129.55,1134.74,1128.2,1131.08
2017-12-12,1131.4,1133.6,1124.35,1132.96
2017-12-13,1132.96,1134.03,1127.68,1128.88
2017-12-14,1128.83,1138.97,1128.83,1132.81
2017-12-15,1131.79,1131.79,1120.93,1122.52
2017-12-18,1123.33,1141.67,1123.33,1139.47
2017-12-19,1139.14,1144.22,1138.72,1138.78
2017-12-20,1139.63,1143.2,1134.9,1135.91
2017-12-21,1135.66,1143.51,1134.64,1142.03
2017-12-22,1142.04,1147.05,1141.49,1146.33
2017-12-27,1146.0,1155.63,1145.76,1149.76
2017-12-28,1150.05,1151.59,1143.72,1145.95
2017-12-29,1145.6,1150.02,1144.25,1145.64
2018-01-02,1145.83,1152.92,1139.78,1149.07
2018-01-03,1149.15,1155.59,1149.11,1152.57
2018-01-04,1152.83,1157.32,1150.64,1155.34
2018-01-05,1156.03,1164.2,1155.67,1164.2
2018-01-08,1165.24,1175.07,1165.24,1174.29
2018-01-09,1174.84,1181.33,1174.17,1175.94
2018-01-10,1177.11,1178.12,1166.96,1169.88
2018-01-11,1170.38,1170.54,1152.75,1159.1
2018-01-12,1157.05,1157.98,1149.97,1151.26
2018-01-16,1150.55,1155.53,1146.93,1153.11
2018-01-17,1150.87,1159.02,1148.18,1156.99
2018-01-18,1157.86,1163.05,1152.86,1154.19
2018-01-19,1155.37,1163.73,1155.37,1162.38
2018-01-22,1162.41,1165.77,1159.6,1164.75
2018-01-23,1165.63,1169.59,1162.51,1165.55
2018-01-24,1165.02,1171.43,1160.31,1160.31
2018-01-25,1160.17,1160.17,1140.27,1142.07
2018-01-26,1143.47,1154.34,1143.21,1151.75
2018-01-29,1150.25,1155.22,1148.93,1149.86
2018-01-30,1149.73,1153.71,1140.74,1140.74
2018-01-31,1141.21,1145.24,1136.44,1136.52
2018-02-01,1137.18,1143.08,1116.91,1117.79
2018-02-02,1123.13,1126.53,1099.26,1099.26
2018-02-05,1098.18,1099.0,1086.21,1096.67
2018-02-06,1089.66,1095.38,1055.38,1083.06
2018-02-07,1089.11,1099.63,1080.26,1098.24
2018-02-08,1098.09,1104.06,1088.86,1090.78
2018-02-09,1085.73,1095.46,1076.92,1088.77
2018-02-12,1092.6,1115.87,1092.6,1111.86
2018-02-13,1112.05,1113.68,1101.82,1103.46
2018-02-14,1104.52,1117.15,1101.97,1115.55
2018-02-16,1124.51,1143.53,1124.51,1142.49
2018-02-20,1130.02,1133.78,1124.09,1132.07
2018-02-21,1132.51,1133.18,1125.36,1131.65
2018-02-22,1132.43,1145.94,1128.61,1143.84
2018-02-23,1144.35,1154.71,1142.23,1152.76
2018-02-26,1153.99,1164.65,1153.99,1161.94
2018-02-27,1161.98,1162.05,1144.48,1149.13
2018-02-28,1147.02,1151.77,1141.8,1147.89
2018-03-01,1147.0,1147.0,1131.83,1135.01
2018-03-02,1132.44,1132.44,1114.65,1117.06
2018-03-05,1116.62,1124.54,1112.89,1121.57
2018-03-06,1123.16,1132.8,1123.16,1124.02
2018-03-07,1122.74,1128.32,1117.74,1128.32
2018-03-08,1128.49,1139.98,1127.1,1139.57
2018-03-09,1138.4,1140.98,1134.55,1138.93
2018-03-12,1140.29,1143.96,1139.57,1140.8
2018-03-13,1140.63,1147.43,1133.13,1133.2
2018-03-14,1133.19,1137.13,1128.92,1128.92
2018-03-15,1129.44,1135.32,1125.26,1133.34
2018-03-16,1127.95,1132.42,1125.93,1129.1
2018-03-19,1129.72,1129.79,1120.25,1123.77
2018-03-20,1123.89,1126.58,1115.16,1124.5
2018-03-21,1124.5,1126.95,1123.53,1124.51
2018-03-22,1122.46,1126.98,1109.14,1109.26
2018-03-23,1104.1,1112.57,1094.38,1109.99
2018-03-26,1111.11,1119.04,1104.75,1104.96
2018-03-27,1108.33,1120.25,1107.2,1108.2
2018-03-28,1107.04,1118.48,1101.25,1114.82
2018-04-03,1115.04,1116.33,1103.33,1110.44
2018-04-04,1110.69,1112.28,1090.18,1092.03
2018-04-05,1096.92,1110.16,1096.92,1110.04
2018-04-06,1107.86,1113.64,1104.92,1109.58
2018-04-09,1110.9,1119.55,1110.24,1112.75
2018-04-10,1114.3,1118.43,1112.13,1116.64
2018-04-11,1116.44,1116.44,1101.17,1102.88
2018-04-12,1103.63,1109.16,1101.02,1105.16
2018-04-13,1106.46,1112.32,1102.95,1102.95
2018-04-16,1102.64,1111.31,1099.41,1099.79
2018-04-17,1099.88,1111.77,1099.88,1111.77
2018-04-18,1111.77,1115.54,1109.18,1115.02
2018-04-19,1115.03,1120.64,1111.38,1111.93
2018-04-20,1111.51,1114.39,1107.92,1110.62
2018-04-23,1111.72,1116.69,1109.3,1114.87
2018-04-24,1115.48,1120.89,1111.37,1114.6
2018-04-25,1114.06,1114.06,1098.49,1101.8
2018-04-26,1102.37,1114.92,1099.88,1114.38
2018-04-30,1115.08,1121.41,1110.78,1113.02
2018-05-01,1113.09,1123.9,1112.93,1116.76
2018-05-02,1116.98,1137.38,1116.98,1133.84
2018-05-03,1134.07,1141.53,1130.77,1132.43
2018-05-04,1132.98,1137.05,1127.36,1130.77
2018-05-07,1131.56,1147.82,1131.56,1147.82
2018-05-08,1149.76,1157.49,1145.73,1157.49
2018-05-09,1157.04,1160.03,1153.6,1157.24
2018-05-14,1157.99,1170.22,1157.99,1161.74
2018-05-15,1160.72,1161.54,1143.98,1144.21
2018-05-16,1143.82,1144.69,1135.75,1143.74
2018-05-17,1141.71,1143.51,1132.07,1143.02
2018-05-18,1143.01,1145.98,1137.83,1139.54
2018-05-22,1139.96,1147.59,1138.73,1143.98
2018-05-23,1143.53,1144.65,1134.06,1142.65
2018-05-24,1139.89,1143.81,1128.11,1129.69
2018-05-25,1130.56,1140.28,1130.56,1134.28
2018-05-29,1118.18,1118.18,1099.48,1107.09
2018-05-30,1105.08,1109.44,1099.35,1109.3
2018-05-31,1110.94,1124.31,1110.94,1113.59
2018-06-04,1131.3,1140.57,1131.3,1132.88
2018-06-06,1133.73,1133.73,1121.83,1125.04
2018-06-07,1126.21,1130.32,1117.25,1118.1
2018-06-08,1117.64,1117.64,1105.98,1112.12
2018-06-11,1112.55,1121.18,1112.55,1119.42
2018-06-12,1119.81,1124.42,1119.81,1121.23
2018-06-13,1120.92,1127.16,1120.75,1125.23
2018-06-14,1123.77,1138.47,1121.97,1134.16
2018-06-15,1134.0,1139.72,1129.54,1134.65
2018-06-18,1134.24,1134.42,1118.3,1120.17
2018-06-19,1117.46,1117.46,1105.66,1111.13
2018-06-20,1111.41,1123.48,1111.41,1121.84
2018-06-21,1122.11,1133.99,1117.67,1119.14
2018-06-22,1119.75,1127.32,1119.51,1124.37
2018-06-25,1124.58,1128.67,1114.69,1114.69
2018-06-26,1114.92,1114.92,1097.14,1098.62
2018-06-27,1098.71,1102.2,1082.08,1101.32
2018-06-28,1100.24,1106.69,1084.21,1087.24
2018-06-29,1089.11,1101.85,1089.11,1097.24
2018-07-02,1096.33,1096.33,1084.85,1089.92
2018-07-03,1090.03,1101.62,1090.03,1098.98
2018-07-05,1099.34,1104.58,1090.69,1094.0
2018-07-06,1094.3,1101.01,1089.97,1100.0
2018-07-09,1100.61,1110.16,1100.49,1109.31
2018-07-10,1110.95,1122.18,1110.69,1120.89
2018-07-11,1120.22,1120.22,1108.19,1114.76
2018-07-12,1117.46,1129.42,1117.46,1128.5
2018-07-13,1131.34,1135.21,1128.16,1129.8
2018-07-16,1130.87,1135.32,1125.78,1127.52
2018-07-17,1128.39,1138.71,1128.39,1138.71
2018-07-18,1139.08,1139.54,1128.7,1132.3
2018-07-19,1132.51,1140.71,1128.5,1136.79
2018-07-20,1137.27,1146.52,1136.39,1146.51
2018-07-23,1146.18,1147.59,1141.05,1143.64
2018-07-24,1143.53,1155.62,1143.18,1153.23
2018-07-25,1152.58,1159.41,1149.46,1156.42
2018-07-26,1155.6,1171.06,1155.6,1170.39
2018-07-27,1170.4,1172.02,1166.16,1169.41
2018-07-30,1168.13,1171.13,1163.48,1164.57
2018-07-31,1164.53,1167.2,1153.14,1157.03
2018-08-01,1157.3,1165.55,1156.97,1160.48
2018-08-02,1158.64,1162.06,1154.66,1157.22
2018-08-03,1157.36,1163.79,1157.36,1159.19
2018-08-06,1159.69,1164.05,1152.85,1153.67
2018-08-07,1153.14,1153.18,1138.01,1148.52
2018-08-08,1148.11,1148.3,1127.98,1131.3
2018-08-09,1131.49,1140.81,1130.68,1140.35
2018-08-10,1139.48,1139.48,1131.09,1134.73
2018-08-13,1133.96,1144.17,1130.24,1142.17
2018-08-14,1142.82,1148.75,1139.55,1142.91
2018-08-15,1143.39,1146.41,1128.74,1129.17
2018-08-16,1129.85,1140.35,1129.85,1140.35
2018-08-17,1140.84,1145.92,1138.3,1140.04
2018-08-20,1140.91,1151.05,1140.91,1148.26
2018-08-21,1148.48,1156.79,1146.25,1152.54
2018-08-22,1152.5,1162.59,1152.37,1159.12
2018-08-23,1159.07,1165.99,1155.65,1156.52
2018-08-24,1157.08,1164.27,1155.7,1163.49
2018-08-27,1163.41,1175.55,1163.41,1174.73
2018-08-28,1175.48,1181.75,1170.69,1176.65
2018-08-29,1176.31,1179.36,1169.88,1176.14
2018-08-30,1175.57,1178.68,1168.95,1178.0
2018-08-31,1177.28,1177.28,1170.29,1171.54
2018-09-04,1167.82,1167.9,1147.76,1154.52
2018-09-05,1154.01,1154.01,1136.57,1136.81
2018-09-07,1138.26,1143.97,1126.31,1136.74
2018-09-10,1135.8,1139.24,1131.88,1135.44
2018-09-11,1135.82,1138.42,1126.25,1127.78
2018-09-12,1128.71,1135.86,1126.07,1132.21
2018-09-13,1132.67,1137.75,1128.72,1129.24
2018-09-14,1130.75,1134.91,1117.91,1123.77
2018-09-17,1121.52,1122.47,1115.7,1115.76
2018-09-18,1115.82,1123.05,1115.21,1120.4
2018-09-19,1121.89,1121.89,1111.1,1115.26
2018-09-20,1115.17,1125.47,1115.17,1124.39
2018-09-21,1125.87,1133.18,1125.87,1127.2
2018-09-24,1127.06,1127.06,1117.35,1117.94
2018-09-26,1127.62,1127.83,1121.86,1126.31
2018-09-27,1125.84,1125.84,1113.22,1120.78
2018-09-28,1119.24,1124.73,1116.59,1120.06
2018-10-01,1120.0,1128.43,1119.89,1121.98
2018-10-02,1122.03,1122.99,1117.62,1120.31
2018-10-03,1120.82,1123.59,1115.51,1116.68
2018-10-05,1075.05,1077.41,1058.57,1068.83
2018-10-08,1068.36,1068.36,1038.05,1045.42
2018-10-09,1045.6,1048.85,1029.53,1042.3
2018-10-11,1010.42,1021.4,985.87,1013.49
2018-10-12,1019.24,1032.33,1019.24,1026.5
2018-10-15,1026.61,1028.04,1014.11,1023.2
2018-10-16,1023.74,1047.37,1022.84,1047.37
2018-10-17,1047.04,1057.43,1042.04,1046.07
2018-10-18,1045.89,1059.65,1045.88,1055.38
2018-10-19,1053.32,1054.59,1034.95,1045.67
2018-10-22,1047.11,1055.01,1038.78,1041.35
2018-10-23,1040.93,1040.93,1009.0,1010.2
2018-10-24,1010.71,1022.28,1005.17,1011.29
2018-10-25,1008.76,1008.76,993.34,997.96
2018-10-26,999.78,1006.04,989.51,992.34
2018-10-29,993.02,1020.04,993.02,1015.86
2018-10-30,1015.78,1019.12,997.15,1010.82
2018-10-31,1013.41,1028.99,1013.41,1024.81
2018-11-01,1025.48,1047.66,1025.39,1039.39
2018-11-02,1041.06,1057.07,1041.06,1046.62
2018-11-05,1046.62,1046.88,1029.04,1033.79
2018-11-06,1034.81,1042.15,1027.25,1039.88
2018-11-07,1041.05,1057.4,1041.05,1056.38
2018-11-08,1056.42,1076.54,1056.42,1065.04
2018-11-09,1064.82,1065.74,1053.98,1064.45
2018-11-12,1064.22,1069.48,1056.95,1057.31
2018-11-13,1057.99,1063.29,1044.09,1047.85
2018-11-14,1047.4,1053.11,1041.97,1048.55
2018-11-15,1048.88,1055.06,1027.33,1028.78
2018-11-16,1028.93,1042.72,1024.99,1032.6
2018-11-19,1032.33,1045.14,1027.84,1028.74
2018-11-20,1027.64,1027.64,1001.62,1012.44
2018-11-21,1012.48,1017.13,1006.58,1016.71
2018-11-23,1016.58,1033.34,1014.26,1032.17
2018-11-26,1033.18,1052.21,1033.18,1051.59
2018-11-27,1051.63,1055.96,1038.33,1045.1
2018-11-28,1045.17,1049.36,1037.86,1043.31
2018-11-29,1044.1,1054.11,1042.8,1044.66
2018-11-30,1045.02,1047.69,1038.7,1040.54
2018-12-03,1044.68,1063.87,1044.2,1044.2
2018-12-04,1043.92,1051.16,1041.65,1046.34
2018-12-06,1045.8,1045.8,1021.2,1024.85
2018-12-07,1025.15,1045.56,1025.15,1038.9
2018-12-10,1037.19,1037.19,1022.14,1025.76
2018-12-11,1026.63,1043.42,1026.63,1036.84
2018-12-12,1037.36,1041.52,1031.77,1041.47
2018-12-13,1041.89,1051.66,1037.88,1050.41
2018-12-14,1050.01,1050.69,1040.05,1047.89
2018-12-17,1046.07,1046.07,1037.23,1037.93
2018-12-18,1037.7,1037.7,1026.84,1030.48
2018-12-19,1030.29,1030.29,1021.1,1023.41
2018-12-20,1019.47,1019.47,1002.24,1005.51
2018-12-21,1004.92,1004.92,986.31,997.93
2018-12-27,997.87,1009.18,980.75,980.75
2018-12-28,982.56,998.93,982.56,994.92
2019-01-02,994.45,1008.48,988.94,1004.76
2019-01-03,1003.54,1003.54,990.87,995.37
2019-01-04,996.57,1020.17,996.57,1020.17
2019-01-07,1020.39,1029.93,1013.67,1027.82
2019-01-08,1027.79,1044.59,1026.74,1037.4
2019-01-09,1038.73,1056.8,1038.73,1044.04
2019-01-10,1042.22,1042.59,1032.47,1037.85
2019-01-11,1038.28,1046.97,1033.27,1037.65
2019-01-14,1036.17,1036.17,1019.42,1021.22
2019-01-15,1023.12,1029.02,1020.89,1024.28
2019-01-16,1024.41,1036.69,1024.41,1032.84
2019-01-17,1032.88,1038.67,1026.19,1036.19
2019-01-18,1037.19,1047.02,1037.19,1044.29
2019-01-22,1048.27,1052.53,1041.22,1044.64
2019-01-23,1044.17,1045.43,1036.62,1042.93
2019-01-24,1042.58,1046.92,1037.14,1040.48
2019-01-25,1040.67,1046.93,1034.35,1035.34
2019-01-28,1037.44,1039.74,1031.42,1031.53
2019-01-29,1031.03,1042.46,1030.51,1039.62
2019-01-30,1039.14,1043.39,1035.54,1042.3
2019-01-31,1042.74,1050.37,1034.62,1035.62
2019-02-01,1041.05,1055.62,1041.05,1054.91
2019-02-04,1052.59,1053.94,1047.0,1049.9
2019-02-05,1050.76,1073.54,1050.67,1073.44
2019-02-06,1076.01,1076.01,1068.11,1068.11
2019-02-07,1068.02,1073.19,1058.36,1061.69
2019-02-08,1061.66,1062.06,1050.83,1051.94
2019-02-11,1053.24,1065.96,1053.24,1063.79
2019-02-12,1065.47,1076.39,1065.47,1076.09
2019-02-13,1076.16,1076.16,1076.16,1076.16
2019-02-14,1077.39,1084.84,1077.21,1083.61
2019-02-15,1083.78,1089.62,1077.0,1089.62
2019-02-19,1091.42,1092.91,1080.92,1083.41
2019-02-20,1086.32,1092.96,1085.86,1092.48
2019-02-21,1093.34,1094.05,1085.06,1086.98
2019-02-22,1085.63,1092.67,1082.14,1091.66
2019-02-25,1092.87,1099.06,1091.02,1097.06
2019-02-26,1096.86,1101.76,1093.96,1101.45
2019-02-27,1100.72,1104.53,1097.58,1099.42
2019-02-28,1097.08,1101.57,1093.38,1100.56
2019-03-01,1101.34,1108.09,1101.34,1104.78
2019-03-04,1106.65,1111.57,1103.91,1111.15
2019-03-05,1111.27,1114.63,1107.97,1113.92
2019-03-06,1113.72,1115.39,1107.99,1108.21
2019-03-07,1108.31,1114.33,1105.24,1105.86
2019-03-08,1105.49,1105.49,1100.29,1101.46
2019-03-11,1102.1,1104.85,1100.35,1103.93
2019-03-12,1104.57,1114.79,1104.57,1112.03
2019-03-13,1111.25,1118.53,1109.02,1118.53
2019-03-14,1118.08,1126.37,1116.53,1126.37
2019-03-15,1126.61,1133.35,1126.61,1130.9
2019-03-18,1130.86,1136.68,1130.86,1133.86
2019-03-19,1130.34,1139.39,1129.87,1138.98
2019-03-20,1138.51,1138.89,1133.62,1135.56
2019-03-21,1135.29,1135.94,1128.23,1134.34
2019-03-22,1134.79,1135.5,1117.98,1118.81
2019-03-25,1116.85,1116.85,1105.1,1112.36
2019-03-26,1112.68,1124.99,1112.56,1122.02
2019-03-27,1121.43,1127.63,1116.35,1118.0
2019-03-28,1118.17,1128.25,1116.8,1119.29
2019-03-29,1119.32,1127.03,1118.46,1122.87
2019-04-01,1123.39,1139.9,1123.39,1139.3
2019-04-02,1139.44,1148.69,1135.56,1147.0
2019-04-03,1147.33,1150.56,1142.01,1146.94
2019-04-04,1147.33,1147.33,1137.64,1137.68
2019-04-05,1138.03,1147.75,1138.03,1143.93
2019-04-08,1144.06,1148.0,1140.75,1143.69
2019-04-09,1142.43,1147.33,1137.39,1139.68
2019-04-10,1138.95,1143.13,1136.34,1140.81
2019-04-11,1140.95,1143.9,1136.35,1140.42
2019-04-12,1140.37,1146.05,1137.98,1144.09
2019-04-15,1144.12,1149.96,1143.33,1149.19
2019-04-16,1149.19,1154.92,1148.52,1149.77
2019-04-17,1148.67,1149.5,1140.1,1141.51
2019-04-23,1141.13,1146.21,1135.58,1143.74
2019-04-24,1143.76,1149.84,1140.42,1143.12
2019-04-25,1143.06,1145.51,1139.02,1139.42
2019-04-26,1139.83,1155.96,1139.6,1155.96
2019-04-29,1156.34,1159.18,1152.27,1157.19
2019-04-30,1153.49,1161.8,1148.67,1149.69
2019-05-01,1151.09,1157.96,1150.89,1153.16
2019-05-02,1153.59,1153.59,1139.1,1141.69
2019-05-03,1141.82,1145.63,1135.77,1138.64
2019-05-06,1137.85,1137.85,1118.83,1130.06
2019-05-07,1132.06,1144.34,1130.37,1133.76
2019-05-08,1133.64,1141.88,1128.47,1138.96
2019-05-09,1138.25,1138.31,1121.14,1125.93
2019-05-10,1126.95,1131.98,1122.39,1125.11
2019-05-13,1124.82,1124.82,1099.34,1101.88
2019-05-14,1102.52,1110.61,1100.03,1108.87
2019-05-15,1108.9,1118.85,1094.74,1103.92
2019-05-16,1104.41,1118.94,1103.15,1117.93
2019-05-20,1119.53,1122.4,1104.49,1108.78
2019-05-21,1109.46,1121.49,1109.46,1120.55
2019-05-22,1120.88,1134.23,1120.71,1132.36
2019-05-23,1132.11,1132.11,1116.77,1118.62
2019-05-24,1119.53,1127.63,1119.53,1122.97
2019-05-28,1115.12,1128.36,1113.59,1127.7
2019-05-29,1126.79,1126.79,1096.79,1097.12
2019-06-03,1096.56,1099.96,1076.68,1099.94
2019-06-04,1099.53,1099.53,1081.04,1094.54
2019-06-06,1096.88,1118.58,1096.88,1107.72
2019-06-07,1107.78,1112.97,1103.29,1112.86
2019-06-11,1113.42,1133.37,1113.42,1129.49
2019-06-12,1129.49,1138.1,1125.07,1137.97
2019-06-13,1137.54,1141.06,1131.68,1133.82
2019-06-14,1132.48,1132.48,1122.42,1125.94
2019-06-17,1125.22,1129.47,1120.41,1128.56
2019-06-18,1129.09,1140.01,1118.93,1138.66
2019-06-19,1138.71,1142.19,1130.08,1142.19
2019-06-20,1143.92,1146.86,1140.13,1141.28
2019-06-21,1140.76,1141.29,1129.68,1129.68
2019-06-24,1129.42,1140.5,1126.18,1129.26
2019-06-25,1128.72,1131.27,1121.75,1130.99
2019-06-26,1131.54,1131.77,1124.92,1125.0
2019-06-27,1124.99,1125.03,1110.97,1114.01
2019-06-28,1113.69,1126.54,1112.21,1122.77
2019-07-01,1122.85,1146.12,1122.85,1141.42
2019-07-02,1141.42,1145.33,1138.62,1144.83
2019-07-03,1144.67,1163.51,1142.7,1159.66
2019-07-05,1154.05,1155.28,1139.82,1141.09
2019-07-08,1140.76,1145.73,1137.53,1141.29
2019-07-09,1141.14,1141.14,1128.33,1135.18
2019-07-10,1134.81,1142.13,1129.68,1138.7
2019-07-11,1139.16,1144.95,1134.45,1135.14
2019-07-12,1135.12,1137.1,1123.31,1124.03
2019-07-15,1122.73,1132.25,1121.98,1130.1
2019-07-16,1129.95,1135.17,1124.49,1134.69
2019-07-17,1134.04,1138.18,1131.9,1132.43
2019-07-18,1130.57,1131.5,1123.04,1131.32
2019-07-19,1131.3,1134.02,1124.47,1128.41
2019-07-22,1128.18,1131.9,1125.27,1128.45
2019-07-23,1128.92,1133.44,1127.35,1133.42
2019-07-24,1133.17,1141.68,1133.17,1139.51
2019-07-25,1140.01,1148.36,1136.08,1141.16
2019-07-26,1141.0,1144.34,1137.59,1138.59
2019-07-29,1138.08,1145.11,1135.76,1139.35
2019-07-30,1139.18,1139.18,1117.7,1119.01
2019-07-31,1119.69,1126.21,1116.47,1124.37
2019-08-01,1124.19,1140.97,1121.14,1138.42
2019-08-02,1137.69,1137.69,1117.33,1118.53
2019-08-05,1117.05,1117.05,1089.22,1089.22
2019-08-06,1090.06,1104.41,1089.75,1098.8
2019-08-07,1099.1,1114.5,1097.77,1104.65
2019-08-08,1105.98,1122.21,1104.84,1121.75
2019-08-09,1124.77,1130.28,1113.97,1113.97
2019-08-12,1113.92,1124.86,1103.38,1104.3
2019-08-13,1104.31,1117.61,1098.43,1115.2
2019-08-14,1113.18,1113.45,1098.55,1098.7
2019-08-15,1099.86,1113.3,1086.52,1098.93
2019-08-16,1099.15,1120.76,1096.38,1120.29
2019-08-19,1120.95,1126.1,1113.07,1123.79
2019-08-20,1123.47,1132.84,1120.1,1124.1
2019-08-21,1124.04,1142.47,1124.04,1142.4
2019-08-22,1142.04,1147.43,1135.68,1138.95
2019-08-23,1139.34,1147.81,1131.97,1135.39
2019-08-26,1134.39,1134.39,1114.8,1124.42
2019-08-27,1124.73,1129.83,1121.39,1129.36
2019-08-28,1129.56,1131.91,1119.09,1123.27
2019-08-29,1124.13,1127.89,1117.86,1122.86
2019-08-30,1124.32,1134.21,1121.67,1133.69
2019-09-03,1141.41,1148.63,1136.25,1144.64
2019-09-04,1145.07,1159.69,1145.07,1151.5
2019-09-05,1152.43,1162.05,1152.43,1155.62
2019-09-06,1156.37,1162.17,1153.57,1156.74
2019-09-09,1157.21,1160.39,1147.66,1149.51
2019-09-10,1149.41,1149.76,1122.68,1132.09
2019-09-11,1132.6,1153.26,1132.6,1152.66
2019-09-12,1154.43,1161.64,1145.19,1149.22
2019-09-13,1150.57,1152.03,1142.5,1147.91
2019-09-16,1147.6,1148.58,1138.18,1138.82
2019-09-17,1138.74,1144.75,1137.31,1144.42
2019-09-18,1144.25,1148.03,1141.07,1143.8
2019-09-19,1144.72,1148.29,1142.57,1146.5
2019-09-20,1146.5,1152.3,1143.74,1150.31
2019-09-23,1150.09,1156.39,1145.6,1148.82
2019-09-24,1149.78,1159.19,1149.71,1154.43
2019-09-25,1154.15,1154.15,1138.07,1142.98
2019-09-26,1143.01,1151.07,1140.94,1150.33
2019-09-27,1150.02,1152.4,1143.29,1148.64
2019-09-30,1147.76,1148.62,1141.15,1141.65
2019-10-01,1142.29,1150.55,1128.18,1128.8
2019-10-02,1127.89,1127.89,1098.25,1099.76
2019-10-03,1099.27,1106.3,1092.23,1101.06
2019-10-04,1101.4,1116.38,1101.4,1113.09
2019-10-07,1113.46,1123.28,1113.39,1121.7
2019-10-08,1122.19,1128.2,1110.54,1112.44
2019-10-09,1112.3,1120.34,1108.24,1114.01
2019-10-10,1114.42,1114.42,1094.77,1106.02
2019-10-11,1105.86,1117.37,1104.64,1117.37
2019-10-14,1117.7,1128.04,1115.32,1128.04
2019-10-15,1128.12,1139.83,1127.68,1139.83
2019-10-16,1139.65,1141.84,1126.64,1131.31
2019-10-17,1130.97,1138.14,1122.98,1132.16
2019-10-18,1131.75,1132.37,1121.14,1121.24
2019-10-21,1121.68,1133.52,1121.68,1133.27
2019-10-22,1133.22,1142.42,1128.53,1141.27
2019-10-23,1139.56,1144.45,1135.31,1142.43
2019-10-24,1142.25,1152.88,1142.25,1144.58
2019-10-25,1144.85,1148.93,1142.75,1148.93
2019-10-28,1150.02,1159.7,1145.6,1159.09
2019-10-29,1158.3,1158.86,1135.44,1146.8
2019-10-30,1146.8,1155.81,1145.33,1155.81
2019-10-31,1155.27,1159.0,1148.01,1149.41
2019-11-01,1149.82,1173.02,1148.95,1172.97
2019-11-04,1172.97,1180.6,1170.69,1180.6
2019-11-05,1181.12,1181.41,1165.25,1168.93
2019-11-06,1168.63,1168.63,1157.8,1165.05
2019-11-07,1166.7,1185.27,1166.7,1183.81
2019-11-08,1184.34,1196.27,1182.71,1195.87
2019-11-11,1195.91,1200.5,1190.23,1195.4
2019-11-12,1196.05,1199.92,1193.76,1199.92
2019-11-13,1198.93,1207.37,1191.09,1205.14
2019-11-14,1204.66,1208.73,1196.99,1200.51
2019-11-15,1202.1,1209.83,1200.87,1209.14
2019-11-18,1209.6,1213.61,1203.83,1205.94
2019-11-19,1206.6,1211.67,1204.19,1205.55
2019-11-20,1205.76,1208.22,1196.27,1199.58
2019-11-21,1198.97,1198.97,1186.52,1187.37
2019-11-22,1187.4,1200.63,1184.79,1196.22
2019-11-25,1196.3,1216.01,1196.3,1212.67
2019-11-26,1212.79,1224.58,1210.46,1224.21
2019-11-27,1224.38,1226.66,1219.12,1225.41
2019-11-29,1225.23,1227.83,1218.78,1218.78
2019-12-02,1219.24,1227.55,1214.66,1214.66
2019-12-03,1214.88,1226.58,1212.24,1215.22
2019-12-04,1215.21,1227.34,1215.21,1223.58
2019-12-05,1223.9,1234.21,1223.9,1231.55
2019-12-06,1231.65,1241.15,1228.89,1240.31
2019-12-09,1240.79,1243.75,1231.47,1234.54
2019-12-10,1234.04,1236.5,1224.91,1232.95
2019-12-11,1232.76,1234.21,1225.31,1228.52
2019-12-12,1228.67,1234.6,1227.72,1233.59
2019-12-13,1235.12,1245.94,1231.8,1234.91
2019-12-16,1235.68,1259.45,1235.68,1257.06
2019-12-17,1257.47,1259.7,1252.08,1254.59
2019-12-18,1252.34,1255.83,1240.93,1240.93
2019-12-19,1241.55,1246.72,1236.51,1240.69
2019-12-20,1240.58,1250.37,1240.15,1247.15
2019-12-23,1247.54,1258.88,1247.32,1258.88
2019-12-27,1259.06,1265.38,1255.25,1264.36
2019-12-30,1264.08,1264.9,1253.9,1253.9
2020-01-02,1254.21,1259.59,1251.95,1253.25
2020-01-03,1251.98,1251.98,1237.36,1237.55
2020-01-06,1237.05,1237.05,1219.64,1235.16
2020-01-07,1240.1,1253.73,1237.15,1240.97
2020-01-08,1239.87,1241.64,1231.92,1239.03
2020-01-09,1240.86,1250.7,1240.86,1246.12
2020-01-10,1246.6,1250.72,1242.23,1246.79
2020-01-13,1247.56,1254.47,1247.52,1250.5
2020-01-14,1250.71,1255.01,1243.0,1255.01
2020-01-15,1254.65,1274.03,1251.58,1274.01
2020-01-16,1274.27,1280.55,1268.75,1272.92
2020-01-17,1273.22,1286.74,1273.22,1284.3
2020-01-21,1287.36,1287.36,1276.44,1286.32
2020-01-22,1286.62,1300.36,1286.62,1294.2
2020-01-23,1293.99,1295.79,1284.95,1288.94
2020-01-24,1289.9,1304.56,1289.9,1299.42
2020-01-27,1295.27,1295.27,1268.33,1268.78
2020-01-28,1270.88,1277.65,1263.07,1276.93
2020-01-29,1277.47,1295.41,1277.47,1295.34
2020-01-30,1291.78,1291.78,1274.53,1274.98
2020-01-31,1277.63,1288.0,1276.89,1277.8
2020-02-03,1276.29,1280.5,1272.7,1278.76
2020-02-04,1280.31,1301.15,1278.46,1299.14
2020-02-05,1299.21,1333.28,1292.07,1330.64
2020-02-06,1331.06,1342.84,1325.75,1342.84
2020-02-07,1342.69,1345.87,1334.34,1340.25
2020-02-10,1339.24,1339.24,1325.55,1333.47
2020-02-11,1334.31,1351.88,1334.31,1351.88
2020-02-12,1351.79,1352.09,1339.1,1347.79
2020-02-13,1347.4,1351.01,1338.21,1345.14
2020-02-14,1348.05,1356.69,1348.05,1355.4
2020-02-18,1352.03,1364.58,1341.83,1363.56
2020-02-19,1365.1,1377.67,1364.82,1376.67
2020-02-20,1376.92,1390.3,1370.25,1373.27
2020-02-21,1372.47,1372.47,1358.49,1361.53
2020-02-24,1349.48,1349.48,1306.05,1309.19
2020-02-25,1308.52,1321.47,1279.12,1286.2
2020-02-26,1285.29,1289.53,1225.81,1285.31
2020-02-27,1281.74,1281.74,1237.85,1249.38
2020-02-28,1217.17,1231.31,1201.33,1218.7
2020-03-02,1243.34,1261.61,1215.45,1230.64
2020-03-03,1255.44,1272.7,1245.71,1265.27
2020-03-04,1263.9,1281.48,1255.69,1271.58
2020-03-05,1287.88,1292.59,1257.87,1262.59
2020-03-06,1242.08,1245.81,1212.29,1227.15
2020-03-09,1149.29,1187.0,1143.95,1159.79
2020-03-10,1163.85,1195.11,1135.1,1143.17
2020-03-11,1151.34,1160.94,1114.98,1120.2
2020-03-12,1051.03,1076.24,1027.58,1030.26
2020-03-13,1051.41,1120.39,1031.19,1041.51
2020-03-16,1002.05,1026.38,959.72,1017.31
2020-03-17,1038.13,1047.96,989.49,1032.59
2020-03-18,1015.08,1028.03,989.09,1007.04
2020-03-19,1009.16,1023.28,996.62,1015.93
2020-03-20,1055.59,1061.83,1024.5,1031.37
2020-03-23,989.33,1018.68,984.27,990.61
2020-03-24,1026.0,1034.22,1007.29,1031.09
2020-03-25,1069.4,1082.49,1038.26,1055.5
2020-03-26,1054.99,1086.45,1049.13,1086.43
2020-03-27,1079.67,1086.11,1067.26,1075.92
2020-03-30,1084.65,1106.94,1063.1,1104.65
2020-03-31,1135.86,1145.0,1119.98,1126.5
2020-04-01,1112.5,1121.62,1100.73,1120.47
2020-04-02,1120.49,1126.18,1095.65,1114.05
2020-04-03,1115.8,1129.66,1106.96,1129.3
2020-04-06,1155.34,1157.7,1135.28,1142.94
2020-04-07,1164.78,1174.82,1155.88,1159.79
2020-04-08,1154.51,1156.28,1140.12,1151.31
2020-04-14,1172.96,1181.21,1161.91,1180.64
2020-04-15,1185.14,1186.49,1162.83,1165.22
2020-04-16,1169.79,1185.06,1166.83,1178.6
2020-04-17,1200.02,1204.75,1193.22,1204.65
2020-04-20,1211.11,1219.9,1205.46,1219.38
2020-04-21,1216.27,1216.47,1201.08,1206.34
2020-04-22,1206.56,1210.66,1202.69,1209.67
2020-04-23,1213.44,1233.71,1206.94,1230.7
2020-04-24,1216.25,1220.66,1211.81,1215.2
2020-04-27,1225.66,1230.17,1220.83,1223.94
2020-04-28,1230.19,1243.15,1225.27,1237.19
2020-04-29,1234.89,1239.69,1224.87,1236.36
2020-04-30,1241.26,1246.19,1230.67,1234.96
2020-05-01,1218.45,1225.47,1211.56,1220.74
2020-05-04,1213.47,1214.04,1201.1,1202.74
2020-05-05,1206.67,1218.46,1206.49,1216.11
2020-05-06,1223.0,1238.58,1221.08,1222.89
2020-05-07,1229.42,1243.87,1228.88,1239.77
2020-05-11,1253.17,1258.75,1245.89,1256.9
2020-05-12,1253.04,1266.46,1252.48,1260.15
2020-05-13,1248.05,1258.35,1240.64,1254.75
2020-05-14,1246.96,1250.66,1233.7,1236.51
2020-05-15,1248.01,1255.86,1239.94,1242.56
2020-05-18,1256.67,1274.65,1256.47,1274.65
2020-05-19,1279.49,1286.51,1274.91,1283.01
2020-05-20,1279.83,1301.68,1279.08,1301.59
2020-05-26,1333.23,1333.52,1317.7,1327.0
2020-05-27,1330.15,1331.69,1287.08,1287.08
2020-05-28,1301.9,1327.65,1300.35,1324.42
2020-05-29,1324.58,1336.64,1318.29,1327.01
2020-06-02,1341.32,1342.62,1319.69,1331.65
2020-06-03,1334.5,1340.19,1325.39,1339.47
2020-06-04,1336.55,1342.49,1331.57,1334.68
2020-06-08,1342.23,1342.57,1319.9,1331.65
2020-06-09,1335.02,1347.89,1324.05,1333.8
2020-06-10,1333.5,1352.06,1333.5,1343.32
2020-06-11,1328.46,1338.86,1318.54,1318.71
2020-06-12,1297.41,1330.74,1296.46,1320.5
2020-06-15,1299.09,1321.14,1285.87,1316.96
2020-06-16,1330.89,1343.69,1330.58,1336.68
2020-06-17,1339.4,1357.67,1338.85,1357.67
2020-06-18,1353.06,1357.56,1343.6,1347.59
2020-06-19,1353.86,1370.12,1352.36,1360.74
2020-06-22,1355.71,1366.29,1354.49,1356.64
2020-06-23,1374.14,1380.37,1371.77,1379.3
2020-06-24,1373.13,1374.96,1353.43,1355.1
2020-06-25,1344.2,1356.38,1336.26,1350.7
2020-06-26,1354.69,1360.17,1341.86,1342.76
2020-06-29,1338.06,1350.82,1336.56,1344.2
2020-06-30,1346.92,1352.75,1342.61,1347.89
2020-07-01,1352.95,1362.26,1345.79,1361.13
2020-07-02,1368.79,1381.48,1362.38,1381.48
2020-07-06,1390.29,1394.84,1381.85,1392.04
2020-07-07,1387.06,1392.53,1377.64,1392.51
2020-07-08,1391.28,1399.83,1387.09,1399.83
2020-07-09,1403.83,1414.09,1403.42,1405.2
2020-07-10,1399.47,1413.83,1399.47,1408.87
2020-07-13,1412.08,1424.47,1407.43,1424.47
2020-07-14,1416.74,1417.17,1403.05,1408.53
2020-07-15,1418.76,1440.15,1417.01,1440.15
2020-07-16,1429.26,1436.85,1421.17,1436.48
2020-07-17,1439.77,1447.17,1438.52,1445.0
2020-07-20,1447.53,1470.34,1446.38,1464.68
2020-07-21,1470.03,1481.03,1468.3,1473.47
2020-07-22,1472.85,1475.55,1461.75,1466.03
2020-07-23,1469.84,1476.36,1465.79,1465.88
2020-07-24,1453.37,1455.34,1437.3,1442.51
2020-07-27,1437.36,1450.04,1435.38,1448.45
2020-07-28,1445.7,1451.62,1440.42,1446.79
2020-07-29,1444.42,1449.74,1438.92,1442.87
2020-07-30,1441.24,1450.66,1425.69,1432.4
2020-07-31,1439.13,1453.54,1422.98,1423.63
2020-08-03,1421.41,1453.12,1419.77,1451.62
2020-08-04,1453.1,1458.44,1424.04,1433.98
2020-08-05,1437.91,1445.86,1434.34,1438.21
2020-08-06,1441.89,1449.75,1430.45,1432.21
2020-08-07,1432.16,1449.63,1431.93,1448.85
2020-08-10,1450.91,1452.45,1437.93,1439.44
2020-08-11,1454.08,1471.92,1450.24,1470.73
2020-08-12,1464.62,1475.14,1454.3,1475.12
2020-08-13,1466.9,1483.94,1463.06,1482.14
2020-08-14,1476.59,1477.85,1460.68,1460.68
2020-08-17,1460.64,1475.65,1459.7,1475.37
2020-08-18,1474.98,1475.68,1448.61,1453.47
2020-08-19,1455.7,1472.23,1453.91,1467.04
2020-08-20,1465.82,1469.47,1457.07,1460.43
2020-08-21,1467.82,1474.79,1458.05,1470.22
2020-08-24,1478.87,1491.37,1477.99,1478.68
2020-08-25,1476.56,1483.61,1474.24,1479.71
2020-08-26,1477.29,1490.51,1469.21,1489.44
2020-08-27,1491.27,1495.07,1478.17,1481.45
2020-08-28,1479.59,1479.95,1465.75,1469.9
2020-08-31,1473.7,1480.67,1472.21,1479.43
2020-09-01,1481.69,1486.45,1465.5,1465.5
2020-09-02,1474.65,1491.58,1472.46,1486.6
2020-09-03,1497.9,1505.24,1471.57,1471.7
2020-09-04,1470.28,1470.28,1425.86,1436.57
2020-09-08,1468.66,1468.85,1427.97,1439.29
2020-09-09,1443.37,1477.84,1443.37,1474.58
2020-09-10,1476.66,1476.77,1463.4,1468.96
2020-09-11,1470.17,1472.66,1463.72,1465.33
2020-09-14,1472.22,1477.37,1459.74,1463.51
2020-09-15,1468.38,1485.13,1465.58,1477.99
2020-09-16,1481.22,1492.73,1481.22,1488.79
2020-09-17,1482.76,1493.77,1476.19,1492.81
2020-09-18,1492.7,1495.11,1487.63,1491.36
2020-09-21,1488.41,1488.88,1461.33,1469.48
2020-09-22,1476.58,1490.53,1463.49,1475.27
2020-09-23,1478.76,1484.43,1456.8,1483.08
2020-09-24,1466.7,1475.77,1461.12,1465.21
2020-09-25,1465.42,1472.61,1458.43,1472.61
2020-09-28,1485.34,1496.25,1485.34,1495.7
2020-09-29,1501.23,1516.13,1497.04,1512.51
2020-09-30,1506.01,1516.25,1503.6,1508.36
2020-10-01,1513.79,1529.12,1510.4,1525.68
2020-10-02,1515.68,1520.95,1508.87,1517.84
2020-10-05,1529.1,1539.83,1525.16,1539.83
2020-10-06,1542.65,1542.65,1526.87,1528.29
2020-10-07,1531.06,1544.14,1531.06,1536.63
2020-10-08,1547.5,1552.31,1539.85,1549.31
2020-10-09,1563.72,1569.48,1555.77,1565.08
2020-10-12,1574.02,1597.11,1571.94,1597.11
2020-10-13,1601.2,1602.54,1588.39,1597.0
2020-10-14,1599.05,1605.89,1590.04,1598.27
2020-10-15,1585.13,1587.57,1568.04,1570.79
2020-10-16,1577.79,1583.36,1571.1,1579.13
2020-10-19,1586.59,1588.78,1569.76,1569.76
2020-10-20,1564.31,1576.67,1564.31,1566.89
2020-10-21,1567.14,1567.14,1541.22,1541.22
2020-10-22,1535.77,1541.56,1525.76,1526.36
2020-10-23,1527.04,1534.64,1525.09,1529.24
2020-10-26,1511.8,1527.7,1497.76,1501.83
2020-10-27,1504.9,1509.84,1493.82,1501.66
2020-10-28,1490.23,1504.15,1461.54,1464.51
2020-10-29,1453.81,1503.11,1453.16,1493.91
2020-10-30,1485.64,1497.69,1481.95,1485.11
2020-11-02,1496.98,1501.12,1476.99,1497.09
2020-11-03,1513.37,1519.24,1501.37,1514.11
2020-11-04,1512.4,1555.24,1488.86,1555.24
2020-11-05,1569.49,1599.5,1569.47,1593.26
2020-11-06,1600.02,1600.02,1569.68,1586.33
2020-11-09,1604.61,1629.67,1545.84,1562.99
2020-11-10,1575.2,1582.04,1536.8,1552.16
2020-11-11,1553.56,1585.21,1540.85,1579.12
2020-11-12,1577.13,1595.74,1568.41,1585.57
2020-11-13,1584.64,1591.86,1577.15,1578.94
2020-11-16,1585.49,1585.53,1556.49,1570.7
2020-11-17,1569.37,1579.77,1563.46,1564.25
2020-11-18,1562.81,1577.35,1559.1,1564.55
2020-11-19,1557.47,1575.66,1557.37,1569.97
2020-11-20,1570.12,1595.77,1570.12,1595.77
2020-11-23,1602.02,1602.96,1581.85,1582.06
2020-11-24,1584.75,1588.59,1557.46,1558.89
2020-11-25,1562.7,1568.36,1555.86,1562.86
2020-11-27,1569.08,1593.18,1567.13,1593.18
2020-11-30,1592.92,1611.21,1590.73,1596.78
2020-12-01,1596.83,1602.94,1577.9,1581.62
2020-12-02,1573.23,1598.34,1568.22,1575.69
2020-12-03,1576.98,1581.22,1554.04,1554.04
2020-12-04,1561.13,1565.23,1550.15,1554.98
2020-12-07,1561.45,1571.08,1559.54,1563.56
2020-12-08,1566.04,1580.46,1565.57,1579.64
2020-12-09,1585.99,1593.69,1573.06,1588.94
2020-12-10,1591.93,1594.32,1568.99,1576.91
2020-12-11,1577.78,1587.86,1567.76,1581.97
2020-12-14,1590.33,1601.49,1582.1,1600.27
2020-12-15,1601.99,1601.99,1582.58,1595.31
2020-12-16,1598.57,1617.08,1594.62,1612.62
2020-12-17,1619.23,1627.56,1612.28,1618.41
2020-12-18,1620.93,1644.28,1618.93,1643.84
2020-12-21,1646.37,1646.4,1623.22,1634.76
2020-12-22,1642.09,1654.25,1639.77,1654.2
2020-12-23,1663.44,1664.21,1643.55,1649.42
2020-12-28,1661.98,1683.32,1655.62,1682.93
2020-12-29,1693.74,1696.16,1682.32,1688.22
2020-12-30,1689.0,1695.17,1676.67,1676.67
2021-01-04,1688.28,1707.68,1686.97,1701.55
2021-01-05,1698.25,1701.95,1678.93,1680.59
2021-01-06,1690.91,1692.0,1671.97,1673.52
2021-01-07,1686.05,1700.7,1686.05,1691.89
2021-01-08,1706.2,1716.25,1697.2,1706.57
2021-01-11,1697.24,1705.45,1683.91,1690.54
2021-01-12,1693.41,1700.63,1662.93,1664.55
2021-01-13,1660.05,1672.46,1639.6,1671.63
2021-01-14,1671.05,1678.7,1666.09,1676.51
2021-01-15,1672.95,1677.63,1649.17,1657.63
2021-01-19,1677.0,1688.83,1670.36,1686.82
2021-01-20,1690.33,1693.18,1673.87,1689.91
2021-01-21,1697.37,1708.85,1687.35,1691.06
2021-01-22,1690.69,1694.93,1672.85,1685.72
2021-01-25,1695.97,1696.31,1673.31,1688.72
2021-01-26,1680.01,1690.47,1665.73,1667.63
2021-01-27,1662.26,1662.26,1605.89,1628.07
2021-01-28,1606.19,1646.02,1562.23,1644.17
2021-01-29,1621.23,1631.75,1608.86,1612.51
2021-02-01,1624.01,1645.07,1620.21,1639.48
2021-02-02,1647.61,1669.71,1643.9,1665.37
2021-02-03,1680.11,1690.66,1669.69,1675.26
2021-02-04,1675.35,1697.76,1661.1,1665.23
2021-02-05,1674.08,1685.89,1671.72,1679.4
2021-02-08,1684.41,1688.62,1668.61,1672.76
2021-02-09,1669.07,1672.97,1656.53,1660.03
2021-02-10,1657.29,1658.85,1626.4,1631.47
2021-02-11,1633.32,1672.77,1633.32,1672.01
2021-02-12,1682.22,1697.79,1675.73,1696.0
2021-02-16,1713.38,1718.31,1708.31,1711.93
2021-02-17,1704.05,1712.08,1693.2,1701.43
2021-02-18,1700.92,1711.69,1677.41,1678.12
2021-02-19,1681.02,1686.11,1662.8,1676.75
2021-02-22,1668.93,1670.65,1645.22,1645.22
2021-02-23,1645.22,1650.28,1591.09,1615.97
2021-02-24,1609.17,1627.05,1604.5,1609.75
2021-02-25,1625.24,1636.17,1621.46,1627.61
2021-02-26,1610.53,1629.05,1593.19,1606.86
2021-03-01,1626.38,1638.9,1625.46,1633.01
2021-03-02,1633.54,1643.25,1620.68,1620.93
2021-03-03,1624.03,1625.74,1575.06,1580.93
2021-03-04,1573.0,1584.72,1549.01,1560.01
2021-03-08,1559.02,1561.17,1533.93,1556.4
2021-03-09,1563.02,1612.33,1558.63,1607.33
2021-03-10,1609.28,1625.79,1594.38,1621.94
2021-03-11,1623.02,1648.55,1618.14,1642.26
2021-03-12,1638.53,1639.01,1617.82,1624.13
2021-03-15,1637.01,1642.01,1629.98,1636.08
2021-03-16,1641.26,1657.61,1635.49,1655.74
2021-03-17,1650.03,1654.9,1614.05,1623.06
2021-03-18,1632.13,1634.82,1608.34,1630.6
2021-03-19,1617.4,1640.61,1615.13,1637.03
2021-03-22,1630.91,1653.34,1622.1,1649.25
2021-03-23,1647.46,1652.52,1635.47,1640.14
2021-03-24,1629.93,1639.4,1616.41,1619.52
2021-03-25,1612.01,1623.6,1605.69,1620.67
2021-03-26,1628.67,1651.25,1627.96,1651.25
2021-03-29,1657.91,1666.68,1642.76,1663.07
2021-03-30,1670.44,1672.11,1660.21,1665.35
2021-03-31,1667.11,1702.77,1661.3,1689.8
2021-04-06,1704.77,1713.25,1685.7,1695.96
2021-04-07,1703.05,1705.91,1677.97,1679.7
2021-04-08,1681.97,1712.46,1681.43,1710.22
2021-04-09,1711.49,1725.59,1701.78,1724.42
2021-04-12,1728.29,1728.51,1701.69,1703.76
2021-04-13,1705.63,1721.65,1704.83,1719.58
2021-04-14,1725.92,1729.89,1705.85,1706.24
2021-04-15,1712.63,1721.51,1706.45,1719.26
2021-04-16,1722.1,1741.62,1722.1,1737.89
2021-04-19,1737.89,1750.94,1727.53,1727.53
2021-04-20,1726.7,1733.85,1705.26,1705.26
2021-04-21,1713.46,1726.26,1708.02,1724.87
2021-04-22,1726.54,1766.45,1722.43,1763.85
2021-04-23,1765.04,1771.84,1754.95,1761.54
2021-04-26,1771.14,1783.56,1763.54,1765.21
2021-04-27,1779.03,1812.53,1779.03,1788.48
2021-04-28,1792.71,1792.76,1764.89,1781.11
2021-04-29,1788.51,1792.05,1765.05,1766.36
2021-05-03,1773.64,1776.52,1758.44,1769.41
2021-05-04,1778.33,1782.79,1730.01,1734.58
2021-05-05,1748.39,1779.22,1748.34,1771.03
2021-05-06,1776.24,1781.12,1748.43,1750.52
2021-05-07,1767.81,1779.95,1755.06,1779.53
2021-05-10,1779.14,1779.14,1764.59,1772.84
2021-05-11,1755.2,1755.65,1710.61,1726.27
2021-05-12,1725.54,1744.08,1716.82,1718.43
2021-05-17,1745.16,1748.48,1721.5,1742.44
2021-05-18,1753.89,1767.72,1749.79,1754.81
2021-05-19,1738.96,1751.71,1727.86,1743.61
2021-05-20,1752.69,1779.43,1752.19,1776.84
2021-05-21,1783.07,1803.03,1781.55,1796.89
2021-05-25,1800.64,1815.78,1800.03,1803.01
2021-05-26,1802.62,1815.1,1799.45,1801.52
2021-05-27,1801.35,1805.29,1781.81,1782.3
2021-05-28,1779.96,1810.38,1777.85,1805.89
2021-06-01,1797.37,1817.3,1797.37,1807.12
2021-06-02,1808.26,1818.47,1784.47,1786.33
2021-06-03,1789.71,1794.47,1768.64,1787.96
2021-06-04,1792.1,1800.4,1783.89,1799.79
2021-06-07,1803.53,1806.95,1794.13,1806.36
2021-06-08,1805.13,1814.17,1794.18,1802.23
2021-06-09,1803.87,1820.02,1799.65,1815.42
2021-06-10,1819.21,1826.25,1796.9,1813.74
2021-06-11,1827.85,1829.8,1810.92,1814.29
2021-06-14,1821.35,1830.98,1819.01,1830.56
2021-06-15,1836.46,1845.7,1831.49,1837.63
2021-06-16,1838.85,1857.88,1835.94,1854.45
2021-06-17,1840.91,1844.83,1823.62,1838.66
2021-06-18,1841.94,1855.67,1825.69,1828.22
2021-06-21,1825.76,1836.35,1811.85,1836.35
2021-06-22,1843.01,1846.23,1830.38,1839.8
2021-06-23,1845.98,1847.09,1825.05,1825.89
2021-06-24,1828.91,1847.82,1826.99,1845.24
2021-06-25,1850.14,1850.46,1840.24,1847.02
2021-06-28,1851.42,1857.2,1842.87,1856.16
2021-06-29,1853.81,1877.08,1853.41,1868.65
2021-06-30,1872.29,1879.07,1854.24,1860.41
2021-07-01,1875.6,1893.54,1867.68,1888.88
2021-07-02,1892.19,1899.29,1878.55,1883.55
2021-07-06,1887.66,1911.51,1887.34,1902.37
2021-07-07,1912.3,1931.91,1902.15,1925.73
2021-07-08,1922.55,1926.49,1901.3,1903.3
2021-07-09,1910.8,1916.39,1881.58,1897.15
2021-07-12,1898.33,1925.47,1897.58,1923.62
2021-07-13,1920.82,1927.0,1909.56,1923.86
2021-07-14,1920.87,1927.01,1908.31,1920.09
2021-07-15,1914.89,1919.49,1893.23,1895.5
2021-07-16,1897.34,1903.36,1885.42,1894.35
2021-07-19,1891.49,1892.08,1855.74,1875.74
2021-07-20,1884.27,1891.13,1860.34,1872.68
2021-07-21,1880.33,1905.36,1878.3,1904.63
2021-07-22,1909.02,1926.53,1898.63,1925.52
2021-07-23,1925.36,1932.04,1911.35,1922.46
2021-07-26,1924.93,1930.47,1911.06,1914.88
2021-07-27,1908.39,1911.36,1895.7,1902.68
2021-07-28,1900.07,1929.46,1898.51,1925.06
2021-07-29,1931.8,1938.04,1907.7,1916.05
2021-07-30,1905.07,1931.03,1900.67,1925.6
2021-08-02,1931.97,1940.31,1915.99,1933.32
2021-08-03,1936.33,1947.16,1932.48,1936.22
2021-08-04,1944.66,1969.06,1939.46,1965.84
2021-08-05,1972.61,1984.16,1972.04,1980.28
2021-08-06,1974.66,1977.17,1954.61,1957.61
2021-08-09,1958.96,1981.6,1958.96,1976.63
2021-08-10,1979.9,1992.15,1972.93,1975.52
2021-08-11,1974.35,1982.03,1958.4,1969.59
2021-08-12,1964.91,1970.95,1955.83,1964.73
2021-08-13,1969.16,1986.13,1969.16,1980.1
2021-08-16,1972.65,1984.27,1969.12,1977.7
2021-08-17,1976.93,1997.82,1967.4,1996.2
2021-08-18,1997.55,2011.42,1992.03,2009.14
2021-08-19,1991.25,2002.6,1976.39,1993.86
2021-08-20,1996.59,2009.6,1987.65,2007.49
2021-08-23,2013.85,2020.09,2000.58,2018.76
2021-08-24,2021.7,2023.45,2000.68,2001.26
2021-08-25,1998.09,2007.18,1985.1,1987.84
2021-08-26,1984.19,1993.11,1982.39,1988.55
2021-08-27,1979.25,1986.02,1974.74,1983.58
2021-08-30,1981.23,1995.11,1979.63,1993.13
2021-08-31,1997.45,2009.17,1971.07,1975.24
2021-09-01,1989.58,2000.68,1979.2,1988.31
2021-09-02,1989.95,2012.53,1985.62,2012.36
2021-09-03,2011.11,2018.88,1988.98,2003.87
2021-09-07,2014.19,2021.42,2004.86,2011.61
2021-09-08,2002.33,2006.11,1978.17,1981.59
2021-09-09,1972.07,1982.92,1965.44,1978.68
2021-09-10,1977.04,1979.88,1956.81,1960.69
2021-09-13,1965.12,1976.74,1963.79,1968.48
2021-09-14,1967.75,1980.67,1962.44,1973.78
2021-09-15,1971.84,1978.18,1949.78,1952.35
2021-09-16,1951.92,1969.58,1951.63,1967.93
2021-09-17,1978.84,1984.08,1955.0,1955.65
2021-09-20,1935.93,1941.49,1911.01,1927.68
2021-09-21,1927.53,1969.0,1927.39,1964.6
2021-09-22,1976.87,1980.7,1961.89,1969.05
2021-09-23,1987.48,2006.28,1984.98,1998.06
2021-09-24,1992.06,1995.24,1959.38,1964.46
2021-09-27,1974.66,1979.12,1928.65,1931.97
2021-09-28,1925.65,1928.02,1879.73,1883.67
2021-09-29,1895.14,1924.31,1892.92,1892.92
2021-09-30,1919.87,1925.93,1877.43,1880.62
2021-10-01,1861.32,1879.69,1851.21,1856.66
2021-10-04,1849.83,1861.86,1822.84,1823.92
2021-10-05,1822.84,1842.03,1812.69,1839.95
2021-10-06,1836.88,1842.74,1801.92,1840.84
2021-10-07,1854.74,1866.11,1843.2,1863.12
2021-10-08,1869.05,1870.81,1838.98,1839.72
2021-10-11,1830.8,1831.67,1804.86,1826.03
2021-10-12,1818.07,1855.04,1814.71,1842.7
2021-10-13,1848.33,1894.15,1842.56,1888.7
2021-10-14,1893.48,1897.22,1872.2,1873.74
2021-10-15,1887.1,1898.71,1869.68,1898.65
2021-10-18,1892.48,1902.22,1880.41,1899.05
2021-10-19,1900.02,1923.74,1896.84,1922.77
2021-10-20,1921.2,1944.94,1920.64,1937.88
2021-10-21,1932.6,1948.32,1926.85,1947.0
2021-10-22,1950.23,1972.96,1942.66,1966.34
2021-10-25,1976.19,1979.47,1957.34,1968.54
2021-10-26,1969.45,1976.84,1955.64,1972.75
2021-10-27,1975.09,1977.45,1951.37,1965.13
2021-10-28,1950.8,1979.34,1942.06,1979.34
2021-10-29,1971.55,1981.68,1951.52,1971.32
2021-11-01,1980.79,1988.76,1970.27,1982.89
2021-11-02,1973.01,1993.5,1972.26,1990.65
2021-11-03,1992.11,1995.96,1959.88,1976.17
2021-11-04,1987.3,2013.32,1984.57,1991.18
2021-11-05,1988.58,1997.18,1954.56,1955.16
2021-11-08,1965.42,1988.9,1962.15,1985.41
2021-11-09,1980.08,2002.98,1974.78,1992.64
2021-11-10,1988.86,1990.3,1957.24,1975.53
2021-11-11,1979.85,2003.66,1970.05,2003.23
2021-11-12,2002.35,2020.69,2001.43,2020.69
2021-11-15,2015.37,2017.47,2006.45,2009.86
2021-11-16,2012.8,2014.0,2001.14,2002.38
2021-11-17,2000.92,2014.49,1998.71,2002.45
2021-11-18,2002.33,2012.37,1993.02,1995.92
2021-11-19,1988.8,2008.11,1986.8,1988.88
2021-11-22,1987.37,2005.36,1970.59,1973.26
2021-11-23,1954.02,1955.43,1909.18,1909.34
2021-11-24,1908.96,1926.38,1895.81,1905.69
2021-11-26,1856.96,1923.27,1852.94,1907.66
2021-11-29,1915.71,1925.07,1893.43,1896.88
2021-11-30,1887.99,1906.05,1880.62,1882.55
2021-12-01,1886.86,1899.74,1870.19,1898.94
2021-12-02,1888.09,1888.09,1837.21,1850.47
2021-12-03,1852.83,1868.14,1835.34,1837.61
2021-12-06,1848.24,1859.36,1826.59,1844.4
2021-12-07,1860.69,1911.03,1860.07,1908.58
2021-12-08,1912.51,1943.67,1912.24,1920.09
2021-12-09,1932.65,1940.2,1925.26,1930.11
2021-12-10,1914.83,1921.35,1896.19,1909.44
2021-12-13,1916.04,1930.73,1909.51,1912.87
2021-12-14,1912.32,1919.75,1869.38,1869.39
2021-12-15,1870.42,1899.87,1869.83,1894.15
2021-12-16,1924.12,1933.6,1909.96,1921.44
2021-12-17,1912.23,1914.06,1886.78,1902.51
2021-12-20,1881.01,1881.01,1807.49,1865.54
2021-12-21,1887.39,1897.3,1877.06,1889.82
2021-12-22,1900.06,1924.02,1895.26,1924.02
2021-12-23,1930.39,1933.55,1918.32,1930.05
2021-12-27,1930.04,1954.03,1930.01,1953.03
2021-12-28,1958.6,1970.84,1951.41,1955.47
2021-12-29,1957.12,1963.72,1951.89,1958.74
2021-12-30,1956.95,1972.09,1956.95,1965.65
2022-01-03,1971.8,1982.73,1962.22,1970.95
2022-01-04,1985.46,1985.9,1949.79,1952.81
2022-01-05,1959.19,1963.29,1942.79,1947.63
2022-01-06,1910.43,1915.97,1873.92,1887.62
2022-01-07,1886.94,1891.57,1865.91,1867.99
2022-01-10,1892.0,1892.63,1825.43,1825.51
2022-01-11,1844.84,1870.86,1839.97,1842.55
2022-01-12,1856.04,1866.41,1849.9,1864.46
2022-01-13,1862.81,1877.42,1856.26,1858.3
2022-01-14,1850.02,1850.97,1814.59,1814.95
2022-01-18,1817.62,1818.53,1779.02,1795.44
2022-01-19,1779.83,1819.92,1775.61,1809.1
2022-01-20,1811.1,1831.19,1787.97,1831.19
2022-01-21,1798.14,1801.83,1770.93,1780.53
2022-01-24,1766.67,1778.24,1699.09,1719.09
2022-01-25,1732.43,1745.16,1705.51,1710.58
2022-01-26,1732.05,1761.56,1717.9,1747.16
2022-01-27,1716.01,1764.84,1711.92,1759.84
2022-01-28,1753.16,1756.03,1722.53,1731.37
2022-01-31,1755.93,1779.92,1753.57,1776.23
2022-02-01,1791.6,1807.08,1769.34,1779.91
2022-02-02,1802.4,1820.75,1796.38,1818.66
2022-02-03,1810.13,1810.59,1765.27,1768.46
2022-02-04,1781.44,1789.34,1723.25,1723.25
2022-02-07,1734.85,1740.9,1713.05,1735.72
2022-02-08,1734.98,1745.56,1697.52,1698.86
2022-02-09,1707.23,1766.59,1706.86,1765.05
2022-02-10,1778.83,1782.55,1738.09,1755.06
2022-02-11,1736.75,1748.74,1716.17,1733.74
2022-02-14,1698.15,1701.67,1675.73,1692.87
2022-02-15,1694.85,1745.24,1693.35,1742.14
2022-02-16,1745.68,1756.28,1729.64,1738.19
2022-02-17,1743.13,1754.28,1716.45,1719.43
2022-02-18,1726.55,1730.55,1684.91,1684.91
2022-02-22,1610.05,1678.72,1607.06,1661.31
2022-02-23,1663.28,1680.39,1650.65,1651.42
2022-02-24,1574.63,1660.79,1567.74,1657.3
2022-02-25,1673.32,1716.88,1662.86,1713.15
2022-02-28,1685.24,1765.35,1684.0,1764.81
2022-03-01,1755.04,1767.73,1718.1,1752.02
2022-03-02,1735.78,1750.52,1717.11,1721.69
2022-03-03,1727.53,1742.84,1707.61,1714.67
2022-03-04,1697.2,1724.67,1678.6,1683.05
2022-03-07,1652.08,1713.65,1643.47,1696.46
2022-03-08,1690.06,1741.84,1679.79,1693.03
2022-03-09,1726.21,1727.79,1667.79,1716.8
2022-03-10,1718.45,1724.34,1678.34,1690.5
2022-03-11,1700.43,1714.07,1675.54,1704.23
2022-03-14,1705.69,1729.71,1681.73,1718.44
2022-03-15,1694.9,1729.47,1682.11,1713.38
2022-03-16,1746.05,1764.0,1723.69,1756.67
2022-03-17,1768.55,1793.34,1768.13,1792.75
2022-03-18,1795.92,1811.35,1776.98,1805.96
2022-03-21,1801.0,1811.0,1786.89,1803.0
2022-03-22,1796.77,1798.7,1776.25,1789.93
2022-03-23,1795.95,1796.52,1753.36,1766.43
2022-03-24,1766.18,1776.4,1737.7,1737.7
2022-03-25,1740.88,1754.64,1720.95,1725.24
2022-03-28,1728.07,1759.82,1724.58,1756.83
2022-03-29,1771.49,1783.57,1764.29,1771.53
2022-03-30,1775.78,1797.66,1764.8,1795.1
2022-03-31,1803.97,1808.7,1786.11,1786.11
2022-04-01,1797.54,1802.96,1783.39,1802.81
2022-04-04,1811.46,1817.17,1774.64,1789.22
2022-04-05,1800.46,1830.95,1794.85,1818.02
2022-04-06,1816.19,1821.07,1777.89,1781.59
2022-04-07,1785.89,1807.58,1785.89,1801.75
2022-04-08,1812.74,1814.54,1791.45,1805.37
2022-04-11,1791.56,1800.33,1767.35,1770.71
2022-04-12,1762.37,1769.52,1740.72,1752.72
2022-04-13,1759.49,1761.02,1743.34,1752.08
2022-04-19,1744.54,1775.86,1729.5,1772.94
2022-04-20,1769.55,1801.28,1761.58,1797.93
2022-04-21,1796.99,1806.81,1782.46,1782.51
2022-04-22,1762.63,1771.39,1751.26,1753.7
2022-04-25,1722.66,1754.24,1720.38,1739.64
2022-04-26,1752.29,1765.51,1715.0,1715.0
2022-04-27,1718.44,1748.75,1705.11,1730.79
2022-04-28,1739.33,1747.37,1725.73,1729.91
2022-04-29,1742.52,1777.07,1740.49,1764.64
2022-05-02,1753.46,1759.58,1618.79,1729.96
2022-05-03,1746.69,1747.73,1722.2,1732.02
2022-05-04,1737.18,1745.49,1728.26,1730.37
2022-05-05,1756.43,1761.98,1715.9,1720.9
2022-05-06,1706.08,1711.11,1657.59,1662.53
2022-05-09,1651.21,1657.41,1579.15,1579.15
2022-05-10,1585.6,1609.08,1568.0,1591.43
2022-05-11,1599.53,1602.56,1563.55,1591.41
2022-05-12,1570.71,1584.87,1545.3,1584.86
2022-05-16,1574.95,1620.24,1573.76,1609.77
2022-05-17,1620.82,1652.21,1615.73,1637.61
2022-05-18,1654.1,1666.46,1617.92,1628.51
2022-05-19,1605.94,1613.89,1586.15,1609.07
2022-05-20,1620.43,1654.84,1620.21,1653.96
2022-05-23,1672.71,1681.19,1647.5,1648.74
2022-05-24,1624.14,1659.15,1623.58,1632.96
2022-05-25,1643.82,1650.88,1631.88,1636.28
2022-05-31,1693.11,1694.76,1676.06,1682.19
2022-06-01,1681.9,1686.3,1653.36,1664.71
2022-06-02,1672.2,1675.3,1662.68,1669.04
2022-06-03,1684.56,1687.15,1676.26,1676.49
2022-06-07,1682.58,1697.82,1679.69,1697.82
2022-06-08,1702.94,1704.52,1669.23,1682.43
2022-06-09,1674.41,1674.46,1646.74,1651.14
2022-06-10,1637.82,1641.14,1608.16,1619.14
2022-06-13,1601.62,1607.24,1575.93,1579.71
2022-06-14,1591.07,1605.3,1544.64,1550.26
2022-06-15,1558.71,1578.37,1546.94,1569.1
2022-06-16,1557.55,1566.76,1509.41,1514.33
2022-06-17,1517.5,1541.88,1514.16,1524.7
2022-06-21,1574.89,1588.58,1569.64,1582.5
2022-06-22,1563.4,1572.51,1551.75,1565.41
2022-06-23,1552.71,1558.11,1532.07,1554.96
2022-06-24,1562.22,1608.75,1562.2,1603.56
2022-06-27,1618.65,1632.76,1612.14,1627.57
2022-06-28,1627.21,1637.18,1605.98,1609.08
2022-06-29,1587.85,1601.75,1571.18,1595.14
2022-06-30,1580.03,1582.41,1557.63,1574.67
2022-07-01,1600.58,1600.58,1600.58,1600.58
2022-07-05,1605.55,1615.66,1571.67,1596.03
2022-07-06,1611.31,1620.47,1596.53,1609.22
2022-07-07,1617.32,1635.87,1611.3,1632.59
2022-07-08,1639.13,1654.17,1621.53,1653.35
2022-07-11,1632.27,1659.29,1629.54,1650.88
2022-07-12,1642.51,1655.67,1635.65,1650.86
2022-07-13,1648.51,1655.98,1616.44,1643.89
2022-07-14,1638.26,1651.58,1622.35,1622.46
2022-07-15,1630.74,1647.32,1617.28,1647.32
2022-07-18,1657.16,1683.45,1654.52,1680.54
2022-07-19,1666.65,1687.68,1657.81,1685.07
2022-07-20,1689.86,1700.24,1679.28,1683.87
2022-07-21,1683.54,1708.52,1682.99,1697.51
2022-07-22,1702.1,1718.75,1687.71,1716.83
2022-07-25,1708.46,1716.46,1692.9,1693.23
2022-07-26,1704.43,1706.85,1685.01,1698.58
2022-07-27,1700.92,1711.55,1689.61,1694.13
2022-07-28,1707.91,1747.67,1706.83,1743.48
2022-07-29,1751.38,1776.46,1748.05,1770.61
2022-08-01,1770.44,1775.78,1757.04,1766.32
2022-08-02,1754.27,1768.64,1752.17,1764.8
2022-08-03,1762.48,1771.86,1736.32,1743.04
2022-08-04,1751.93,1782.49,1742.98,1769.14
2022-08-05,1774.39,1776.36,1731.09,1732.27
2022-08-08,1740.51,1745.7,1721.69,1726.6
2022-08-09,1727.09,1733.71,1709.82,1716.86
2022-08-10,1718.55,1761.51,1707.18,1759.5
2022-08-11,1762.24,1776.82,1749.18,1770.85
2022-08-12,1769.61,1778.99,1733.06,1733.11
2022-08-15,1741.34,1761.74,1739.62,1749.63
2022-08-16,1749.28,1753.27,1732.52,1736.32
2022-08-17,1741.14,1765.67,1739.5,1742.59
2022-08-18,1737.32,1742.69,1725.51,1725.76
2022-08-19,1731.12,1751.71,1728.58,1739.23
2022-08-22,1730.97,1731.77,1698.22,1716.02
2022-08-23,1698.03,1710.16,1688.71,1694.05
2022-08-24,1681.17,1724.27,1679.94,1714.5
2022-08-25,1723.38,1732.88,1717.1,1726.69
2022-08-26,1725.4,1729.86,1693.47,1694.49
2022-08-29,1665.67,1669.62,1647.87,1651.92
2022-08-30,1655.23,1677.63,1650.86,1655.85
2022-08-31,1651.84,1664.75,1640.93,1652.65
2022-09-01,1629.48,1634.2,1598.03,1598.03
2022-09-02,1627.03,1631.18,1601.02,1630.74
2022-09-06,1614.71,1636.44,1597.02,1609.07
2022-09-07,1595.76,1614.61,1583.21,1607.92
2022-09-08,1622.35,1630.27,1598.12,1628.51
2022-09-09,1633.64,1654.27,1631.5,1649.62
2022-09-12,1655.58,1668.85,1652.14,1663.84
2022-09-13,1670.56,1680.1,1627.91,1628.0
2022-09-14,1620.8,1634.04,1608.31,1617.56
2022-09-15,1611.61,1619.88,1586.84,1586.84
2022-09-16,1568.55,1569.79,1538.97,1545.21
2022-09-19,1537.58,1542.0,1521.38,1534.19
2022-09-20,1531.54,1544.75,1504.93,1506.33
2022-09-21,1496.38,1525.05,1495.43,1523.67
2022-09-22,1499.96,1515.2,1483.27,1483.27
2022-09-23,1479.02,1483.8,1434.58,1457.66
2022-09-26,1450.89,1466.54,1449.37,1458.7
2022-09-27,1460.64,1481.12,1457.53,1463.78
2022-09-28,1438.05,1463.53,1427.24,1461.33
2022-09-29,1448.18,1455.06,1415.34,1419.34
2022-09-30,1427.19,1442.09,1427.19,1439.09
2022-10-03,1429.19,1463.02,1411.07,1461.43
2022-10-04,1470.71,1503.93,1467.4,1503.92
2022-10-05,1504.27,1504.84,1474.57,1477.26
2022-10-06,1487.68,1499.57,1480.6,1487.4
2022-10-07,1483.73,1485.72,1454.71,1455.46
2022-10-10,1438.6,1474.93,1434.3,1453.46
2022-10-11,1442.4,1456.9,1435.23,1450.04
2022-10-12,1450.8,1469.85,1449.85,1466.15
2022-10-13,1456.11,1474.9,1434.8,1455.49
2022-10-14,1487.21,1510.75,1482.09,1493.37
2022-10-17,1486.5,1515.02,1478.33,1505.96
2022-10-18,1521.51,1542.71,1516.84,1536.82
2022-10-19,1533.56,1533.68,1502.45,1508.06
2022-10-20,1503.49,1513.97,1488.04,1507.49
2022-10-21,1496.72,1502.64,1476.28,1490.34
2022-10-24,1506.47,1532.86,1505.09,1522.47
2022-10-25,1534.84,1551.73,1519.09,1548.29
2022-10-26,1549.19,1573.58,1543.0,1569.76
2022-10-27,1568.02,1577.94,1555.92,1565.07
2022-10-28,1554.42,1567.21,1549.83,1566.73
2022-10-31,1574.97,1577.28,1567.04,1574.67
2022-11-01,1582.77,1592.85,1567.58,1573.03
2022-11-02,1571.2,1588.88,1563.81,1583.49
2022-11-03,1565.53,1583.49,1556.12,1577.02
2022-11-04,1590.16,1601.37,1579.07,1581.65
2022-11-07,1584.72,1605.26,1581.99,1604.96
2022-11-08,1603.47,1639.63,1596.94,1621.8
2022-11-09,1631.68,1633.49,1615.59,1627.5
2022-11-10,1619.74,1698.11,1616.37,1689.65
2022-11-11,1696.04,1696.38,1659.29,1667.21
2022-11-14,1665.02,1677.69,1657.93,1667.41
2022-11-15,1662.0,1678.08,1650.2,1667.31
2022-11-16,1667.29,1671.37,1640.62,1642.21
2022-11-17,1642.49,1651.22,1633.11,1639.75
2022-11-18,1641.5,1649.35,1626.95,1647.2
2022-11-21,1645.89,1650.06,1632.1,1642.57
2022-11-22,1639.19,1653.59,1633.88,1651.2
2022-11-23,1653.08,1661.37,1647.55,1658.51
2022-11-25,1674.96,1681.3,1672.18,1678.31
2022-11-28,1667.73,1679.37,1662.5,1673.42
2022-11-29,1680.11,1682.31,1668.88,1672.09
2022-11-30,1679.82,1695.83,1678.92,1686.61
2022-12-01,1704.52,1722.78,1704.52,1713.25
2022-12-02,1705.68,1724.4,1697.92,1717.88
2022-12-05,1715.33,1728.34,1713.96,1718.97
2022-12-06,1711.96,1718.71,1699.77,1703.7
2022-12-07,1697.29,1706.67,1691.26,1698.0
2022-12-08,1690.45,1697.87,1688.73,1694.71
2022-12-09,1697.96,1725.03,1695.09,1720.07
2022-12-12,1709.18,1725.11,1695.48,1704.08
2022-12-13,1707.15,1743.77,1693.89,1727.16
2022-12-14,1730.67,1737.47,1721.3,1735.36
2022-12-15,1721.83,1723.47,1699.41,1706.58
2022-12-16,1693.97,1700.09,1669.82,1676.26
2022-12-19,1675.72,1687.94,1674.19,1678.9
2022-12-20,1663.35,1674.01,1655.76,1671.16
2022-12-21,1673.47,1690.5,1672.65,1686.83
2022-12-22,1688.58,1705.85,1680.76,1684.63
2022-12-23,1686.98,1701.52,1685.21,1695.2
2022-12-27,1701.16,1709.91,1698.15,1701.63
2022-12-28,1702.77,1707.08,1693.16,1695.21
2022-12-29,1691.43,1712.84,1688.59,1712.84
2022-12-30,1708.51,1714.34,1700.36,1700.56
2023-01-03,1734.42,1747.0,1731.45,1742.48
2023-01-04,1746.49,1756.97,1728.34,1728.6
2023-01-05,1732.94,1734.26,1711.35,1717.85
2023-01-06,1715.31,1725.94,1704.52,1725.94
2023-01-09,1738.4,1745.77,1733.45,1740.57
2023-01-10,1730.52,1730.52,1710.68,1715.03
2023-01-11,1709.66,1729.19,1709.31,1717.19
2023-01-12,1720.13,1728.39,1704.64,1722.96
2023-01-13,1719.65,1730.93,1718.95,1721.57
2023-01-17,1749.82,1758.96,1745.4,1754.71
2023-01-18,1756.15,1763.71,1750.84,1758.16
2023-01-19,1747.44,1747.54,1723.69,1723.69
2023-01-20,1723.58,1727.79,1715.59,1722.86
2023-01-23,1729.51,1736.93,1720.49,1729.49
2023-01-24,1733.42,1736.12,1718.68,1720.54
2023-01-25,1718.35,1718.96,1679.01,1681.24
2023-01-26,1696.27,1703.86,1689.13,1692.18
2023-01-27,1684.8,1696.58,1677.77,1691.13
2023-01-30,1688.79,1703.46,1679.76,1701.23
2023-01-31,1697.81,1704.65,1683.59,1698.42
2023-02-01,1708.03,1727.07,1707.59,1716.89
2023-02-02,1717.39,1751.44,1717.21,1750.61
2023-02-03,1742.41,1766.48,1736.45,1766.48
2023-02-06,1758.37,1763.71,1743.86,1758.43
2023-02-07,1759.27,1769.58,1754.67,1757.11
2023-02-08,1751.46,1797.43,1751.28,1775.03
2023-02-09,1777.15,1790.61,1770.77,1789.3
2023-02-10,1784.21,1784.21,1752.43,1765.63
2023-02-13,1771.27,1778.94,1761.35,1777.43
2023-02-14,1783.01,1791.98,1770.78,1776.53
2023-02-15,1773.69,1783.23,1768.99,1780.72
2023-02-16,1787.22,1792.06,1772.94,1783.12
2023-02-17,1772.59,1790.08,1767.29,1784.79
2023-02-21,1785.47,1795.77,1778.58,1793.46
2023-02-22,1785.16,1785.99,1763.37,1775.96
2023-02-23,1777.87,1786.86,1766.89,1779.87
2023-02-24,1778.35,1791.12,1768.46,1772.66
2023-02-27,1769.91,1788.43,1768.39,1784.97
2023-02-28,1773.99,1787.22,1772.62,1780.33
2023-03-01,1779.34,1798.5,1778.58,1787.67
2023-03-02,1778.5,1789.16,1773.28,1784.79
2023-03-03,1781.74,1797.4,1781.3,1794.82
2023-03-06,1800.53,1803.91,1793.43,1796.38
2023-03-07,1791.19,1805.31,1782.45,1783.06
2023-03-08,1775.3,1776.34,1757.52,1768.55
2023-03-09,1770.13,1790.68,1766.16,1787.56
2023-03-10,1773.47,1773.47,1743.45,1747.21
2023-03-13,1748.06,1751.22,1698.41,1719.44
2023-03-14,1713.44,1760.62,1711.21,1750.84
2023-03-15,1758.06,1765.87,1712.79,1716.18
2023-03-16,1725.37,1732.41,1691.67,1721.24
2023-03-17,1725.94,1743.42,1695.69,1704.53
2023-03-20,1697.38,1725.71,1670.94,1720.22
2023-03-21,1728.44,1748.69,1728.23,1739.75
2023-03-22,1745.59,1752.51,1732.1,1748.49
2023-03-23,1741.64,1751.63,1734.55,1750.63
2023-03-24,1740.73,1742.81,1716.69,1735.32
2023-03-27,1750.79,1756.69,1743.02,1753.0
2023-03-28,1756.42,1762.05,1734.75,1738.92
2023-03-29,1737.89,1759.38,1731.68,1759.09
2023-03-30,1772.96,1790.29,1772.52,1790.13
2023-03-31,1786.02,1795.47,1777.57,1790.13
2023-04-03,1789.75,1793.23,1768.05,1769.37
2023-04-04,1776.44,1783.75,1766.88,1767.67
2023-04-05,1759.05,1765.74,1755.35,1761.77
2023-04-11,1775.22,1779.51,1761.63,1772.83
2023-04-12,1776.18,1782.88,1763.19,1777.6
2023-04-13,1786.1,1809.17,1783.27,1801.88
2023-04-14,1800.91,1830.65,1800.07,1829.22
2023-04-17,1839.79,1849.61,1835.43,1846.28
2023-04-18,1850.97,1866.78,1845.55,1847.66
2023-04-19,1848.14,1848.61,1815.44,1826.52
2023-04-20,1819.13,1824.33,1814.1,1821.34
2023-04-21,1820.47,1838.54,1815.69,1838.54
2023-04-24,1839.94,1846.0,1835.97,1840.8
2023-04-25,1834.43,1841.88,1822.86,1826.09
2023-04-26,1820.2,1821.11,1783.46,1791.21
2023-04-27,1796.49,1822.29,1796.14,1811.35
2023-04-28,1824.8,1826.33,1810.95,1818.42
2023-05-01,1829.29,1834.35,1824.74,1834.35
2023-05-02,1834.21,1835.14,1815.75,1817.84
2023-05-03,1824.29,1830.97,1809.55,1815.01
2023-05-04,1810.91,1811.07,1779.49,1806.62
2023-05-08,1829.59,1840.68,1823.67,1840.05
2023-05-09,1834.91,1834.91,1810.82,1824.44
2023-05-10,1830.55,1838.2,1818.91,1835.91
2023-05-11,1828.37,1858.71,1828.33,1847.4
2023-05-12,1845.78,1875.37,1843.03,1872.05
2023-05-15,1876.27,1886.15,1875.47,1877.47
2023-05-16,1873.73,1883.03,1861.53,1864.39
2023-05-17,1864.56,1866.43,1854.49,1854.49
2023-05-22,1882.67,1885.5,1871.96,1882.99
2023-05-23,1877.78,1878.0,1851.25,1851.25
2023-05-24,1841.45,1841.76,1807.96,1815.48
2023-05-25,1817.92,1829.17,1813.49,1819.18
2023-05-26,1824.15,1834.01,1821.92,1829.61
2023-05-30,1831.5,1839.38,1818.28,1818.28
2023-05-31,1804.61,1817.66,1798.07,1802.63
2023-06-01,1813.22,1820.42,1798.99,1808.78
2023-06-02,1811.8,1819.1,1803.9,1818.13
2023-06-06,1833.17,1840.0,1819.51,1838.61
2023-06-07,1837.98,1838.17,1825.11,1825.17
2023-06-08,1829.52,1842.72,1824.04,1831.96
2023-06-09,1836.53,1836.85,1818.81,1821.52
2023-06-12,1829.48,1834.41,1816.4,1816.4
2023-06-13,1824.1,1833.06,1815.03,1822.44
2023-06-14,1821.96,1835.47,1821.09,1832.0
2023-06-15,1829.82,1836.81,1820.06,1829.27
2023-06-16,1834.6,1845.74,1823.17,1839.32
2023-06-20,1806.0,1817.3,1801.84,1815.78
2023-06-21,1806.2,1813.17,1795.79,1800.35
2023-06-22,1783.3,1799.74,1774.85,1797.05
2023-06-23,1772.68,1792.55,1769.3,1784.96
2023-06-26,1789.03,1790.02,1774.41,1778.84
2023-06-27,1779.91,1779.91,1758.56,1765.41
2023-06-28,1772.5,1793.82,1772.11,1789.49
2023-06-29,1790.34,1796.33,1787.31,1792.14
2023-06-30,1800.16,1824.75,1799.87,1816.74
2023-07-03,1821.58,1822.91,1809.78,1814.5
2023-07-05,1815.98,1819.19,1809.17,1811.78
2023-07-06,1805.39,1812.74,1782.74,1783.1
2023-07-07,1784.41,1788.13,1765.64,1781.59
2023-07-10,1777.76,1782.84,1767.42,1774.41
2023-07-11,1785.95,1789.1,1773.44,1778.41
2023-07-12,1773.57,1795.21,1761.1,1792.84
2023-07-13,1799.37,1818.98,1797.19,1810.14
2023-07-14,1801.87,1819.58,1801.16,1812.12
2023-07-17,1805.45,1819.89,1799.62,1815.55
2023-07-18,1813.87,1827.88,1812.63,1827.88
2023-07-19,1833.5,1841.41,1825.88,1830.14
2023-07-20,1824.84,1840.91,1824.14,1839.23
2023-07-21,1836.78,1843.19,1832.28,1842.62
2023-07-24,1843.02,1845.14,1830.11,1831.32
2023-07-25,1809.72,1833.37,1807.54,1829.0
2023-07-26,1826.76,1829.86,1803.36,1809.33
2023-07-27,1819.4,1829.3,1816.83,1820.43
2023-07-28,1797.13,1805.38,1788.89,1794.48
2023-07-31,1802.33,1814.29,1794.21,1809.71
2023-08-01,1806.76,1807.53,1796.9,1800.1
2023-08-02,1779.61,1786.49,1765.73,1773.52
2023-08-03,1765.74,1773.09,1762.58,1766.74
2023-08-04,1768.21,1768.21,1750.79,1756.22
2023-08-07,1753.51,1768.73,1752.78,1766.83
2023-08-08,1764.28,1816.54,1756.47,1812.75
2023-08-09,1818.76,1828.15,1806.97,1810.07
2023-08-10,1803.14,1812.83,1786.41,1805.47
2023-08-11,1795.66,1804.74,1780.16,1785.35
2023-08-14,1778.44,1785.98,1773.56,1781.69
2023-08-15,1781.43,1785.57,1766.25,1768.14
2023-08-16,1768.21,1777.67,1763.31,1775.01
2023-08-17,1759.76,1768.29,1754.04,1756.68
2023-08-18,1747.36,1751.06,1735.63,1742.67
2023-08-21,1747.28,1763.0,1746.95,1747.72
2023-08-22,1754.91,1764.72,1753.95,1757.92
2023-08-23,1763.47,1775.18,1760.83,1769.66
2023-08-24,1773.2,1789.01,1769.79,1772.7
2023-08-25,1764.97,1773.99,1761.2,1764.53
2023-08-28,1774.1,1788.21,1774.1,1785.05
2023-08-29,1789.75,1800.77,1788.93,1796.95
2023-08-30,1789.86,1793.4,1752.2,1753.05
2023-08-31,1752.02,1759.37,1735.88,1736.43
2023-09-01,1740.72,1754.99,1737.07,1753.64
2023-09-05,1749.63,1752.72,1737.55,1737.55
2023-09-06,1726.66,1732.34,1707.57,1730.88
2023-09-07,1724.15,1729.43,1715.83,1723.38
2023-09-08,1730.62,1737.83,1716.26,1726.04
2023-09-11,1729.49,1739.9,1720.33,1727.65
2023-09-12,1731.78,1735.13,1714.74,1715.33
2023-09-13,1707.97,1715.94,1697.58,1715.5
2023-09-14,1719.74,1755.54,1719.35,1755.54
2023-09-15,1759.17,1763.37,1742.09,1742.71
2023-09-18,1731.91,1742.71,1724.29,1726.88
2023-09-19,1717.36,1727.4,1715.54,1717.88
2023-09-20,1725.51,1753.65,1724.58,1747.65
2023-09-21,1739.27,1749.21,1721.05,1721.44
2023-09-22,1711.13,1718.16,1707.64,1713.59
2023-09-25,1712.28,1716.98,1691.92,1696.23
2023-09-26,1693.41,1703.6,1688.6,1692.38
2023-09-27,1690.18,1702.44,1686.11,1688.47
2023-09-28,1693.46,1698.47,1682.89,1693.2
2023-09-29,1700.77,1717.49,1700.59,1700.59
2023-10-02,1705.12,1708.3,1662.94,1665.98
2023-10-03,1668.06,1671.67,1644.06,1645.04
2023-10-04,1634.96,1660.46,1626.94,1644.49
2023-10-05,1658.73,1670.42,1654.72,1663.67
2023-10-06,1676.54,1682.7,1665.19,1676.85
2023-10-09,1677.74,1684.66,1668.65,1668.86
2023-10-10,1685.59,1702.87,1685.25,1702.69
2023-10-11,1709.2,1719.15,1704.12,1708.7
2023-10-12,1711.33,1726.95,1711.33,1711.51
2023-10-13,1699.25,1713.88,1676.26,1699.11
2023-10-16,1701.75,1702.81,1680.47,1682.09
2023-10-17,1683.78,1691.43,1668.23,1677.55
2023-10-18,1664.7,1668.64,1644.03,1645.83
2023-10-19,1636.71,1645.0,1610.14,1612.77
2023-10-20,1599.9,1620.38,1592.84,1611.96
2023-10-23,1610.87,1615.6,1590.89,1605.6
2023-10-24,1607.49,1623.25,1592.85,1611.29
2023-10-25,1615.86,1619.46,1578.17,1586.52
2023-10-26,1579.91,1594.33,1567.65,1592.86
2023-10-27,1597.21,1608.47,1588.08,1595.22
2023-10-30,1603.21,1608.0,1593.9,1602.22
2023-10-31,1612.63,1625.18,1607.91,1620.04
2023-11-01,1620.63,1624.79,1600.63,1617.44
2023-11-02,1626.84,1657.18,1620.2,1654.83
2023-11-03,1652.39,1654.98,1630.83,1634.86
2023-11-06,1640.63,1645.01,1630.96,1635.94
2023-11-07,1626.85,1633.0,1619.95,1628.01
2023-11-08,1635.83,1669.78,1632.96,1660.95
2023-11-09,1653.03,1663.28,1647.95,1658.37
2023-11-10,1655.8,1663.32,1637.42,1643.27
2023-11-13,1658.73,1670.38,1652.72,1660.46
2023-11-14,1662.81,1686.53,1654.86,1685.32
2023-11-15,1690.04,1703.34,1682.81,1691.94
2023-11-16,1680.72,1689.65,1680.52,1682.67
2023-11-17,1691.71,1710.94,1690.94,1709.38
2023-11-20,1707.22,1720.92,1704.34,1720.52
2023-11-21,1712.45,1719.47,1698.54,1702.68
2023-11-22,1695.17,1708.21,1695.17,1704.85
2023-11-24,1708.85,1714.78,1704.66,1712.64
2023-11-27,1710.43,1721.37,1708.56,1713.71
2023-11-28,1703.73,1706.2,1685.28,1687.54
2023-11-29,1692.03,1712.9,1690.37,1712.32
2023-11-30,1715.35,1729.67,1706.82,1728.45
2023-12-01,1726.98,1734.65,1720.63,1731.69
2023-12-04,1732.23,1748.3,1732.23,1737.15
2023-12-05,1734.54,1741.51,1727.32,1741.51
2023-12-06,1741.45,1748.93,1733.82,1744.48
2023-12-07,1738.46,1741.22,1727.08,1731.67
2023-12-08,1730.01,1740.7,1725.89,1737.56
2023-12-11,1742.32,1744.37,1725.27,1728.44
2023-12-12,1713.2,1720.05,1699.84,1703.99
2023-12-13,1709.87,1725.39,1709.33,1723.46
2023-12-14,1749.09,1778.14,1749.09,1759.12
2023-12-15,1759.91,1767.39,1756.7,1763.53
2023-12-18,1770.14,1774.99,1761.48,1764.04
2023-12-19,1763.03,1779.68,1763.03,1774.56
2023-12-20,1774.23,1789.85,1771.88,1789.16
2023-12-21,1780.29,1798.26,1779.93,1795.52
2023-12-22,1790.98,1806.08,1790.67,1803.77
2023-12-27,1803.28,1820.4,1802.38,1811.36
2023-12-28,1819.34,1826.17,1818.01,1820.84
2023-12-29,1820.58,1827.12,1818.35,1821.2
2024-01-02,1828.46,1835.82,1806.89,1823.27
2024-01-03,1823.06,1827.03,1802.46,1808.74
2024-01-04,1812.75,1846.31,1812.75,1843.92
2024-01-05,1834.47,1848.53,1826.58,1847.6
2024-01-08,1845.9,1854.12,1833.94,1846.44
2024-01-09,1853.41,1860.85,1848.11,1857.8
2024-01-10,1851.21,1858.99,1846.11,1858.73
2024-01-11,1867.64,1877.07,1855.23,1856.14
2024-01-12,1868.47,1884.69,1868.47,1874.95
2024-01-16,1849.36,1854.94,1841.77,1853.02
2024-01-17,1832.39,1839.05,1818.93,1830.44
2024-01-18,1829.65,1835.75,1826.53,1828.28
2024-01-19,1837.05,1841.75,1813.97,1816.98
2024-01-22,1821.36,1834.79,1821.16,1831.27
2024-01-23,1833.79,1836.8,1823.68,1823.68
2024-01-24,1839.57,1842.08,1824.34,1824.34
2024-01-25,1829.65,1838.72,1825.31,1837.49
2024-01-26,1834.82,1847.21,1833.8,1839.77
2024-01-29,1842.35,1847.26,1837.44,1845.38
2024-01-30,1854.07,1861.62,1842.91,1842.96
2024-01-31,1851.84,1868.43,1839.88,1856.53
2024-02-01,1850.59,1870.38,1848.02,1862.36
2024-02-02,1869.4,1878.68,1858.36,1858.36
2024-02-05,1859.66,1870.33,1853.78,1861.13
2024-02-06,1878.89,1880.16,1858.8,1869.42
2024-02-07,1869.83,1890.34,1866.7,1886.94
2024-02-08,1894.33,1894.75,1865.39,1869.48
2024-02-09,1884.62,1895.19,1879.9,1887.2
2024-02-12,1897.99,1901.18,1883.05,1886.69
2024-02-13,1881.71,1887.79,1866.06,1870.42
2024-02-14,1876.87,1884.43,1874.86,1883.77
2024-02-15,1890.34,1907.93,1887.44,1901.77
2024-02-16,1905.13,1907.78,1892.42,1905.24
2024-02-20,1904.93,1909.95,1891.42,1897.29
2024-02-21,1889.68,1895.08,1881.58,1893.26
2024-02-22,1906.37,1909.49,1888.44,1900.85
2024-02-23,1902.13,1904.48,1889.86,1895.04
2024-02-26,1892.07,1902.95,1891.73,1900.28
2024-02-27,1901.73,1901.73,1871.53,1893.61
2024-02-28,1888.56,1900.75,1884.31,1885.81
2024-02-29,1892.57,1906.24,1884.64,1897.05
2024-03-01,1904.6,1923.55,1902.37,1923.28
2024-03-04,1932.83,1936.95,1920.45,1925.91
2024-03-05,1928.79,1929.03,1904.29,1904.62
2024-03-06,1905.68,1914.66,1897.44,1908.04
2024-03-07,1911.45,1961.5,1907.22,1951.12
2024-03-08,1951.51,1965.53,1947.29,1960.22
2024-03-11,1957.25,1961.1,1944.17,1949.35
2024-03-12,1951.98,1967.98,1938.41,1964.54
2024-03-13,1964.74,1964.84,1951.22,1956.6
2024-03-14,1960.6,1967.16,1949.15,1955.42
2024-03-15,1945.07,1946.68,1927.2,1927.2
2024-03-18,1931.84,1937.29,1919.22,1929.24
2024-03-19,1927.35,1936.09,1924.38,1930.73
2024-03-20,1929.11,1943.29,1922.82,1941.45
2024-03-21,1951.76,1956.62,1928.16,1944.22
2024-03-22,1933.48,1957.05,1932.57,1951.28
2024-03-25,1949.59,1955.78,1944.95,1952.36
2024-03-26,1951.72,1960.26,1949.31,1953.77
2024-03-27,1955.53,1957.39,1937.36,1943.33
2024-04-02,1951.38,1956.99,1917.77,1923.77
2024-04-03,1928.81,1935.43,1921.48,1934.44
2024-04-04,1933.9,1940.24,1926.83,1931.73
2024-04-05,1913.21,1922.02,1909.85,1922.02
2024-04-08,1916.9,1930.49,1913.8,1927.11
2024-04-09,1926.12,1933.39,1913.28,1913.71
2024-04-10,1919.28,1926.99,1890.89,1907.76
2024-04-11,1902.85,1924.56,1900.93,1911.12
2024-04-12,1919.55,1937.4,1905.94,1905.94
2024-04-15,1908.95,1921.99,1908.53,1911.22
2024-04-16,1892.53,1893.96,1875.96,1887.16
2024-04-17,1889.01,1894.57,1880.21,1880.5
2024-04-18,1884.45,1885.81,1863.07,1872.88
2024-04-19,1867.42,1887.85,1864.57,1885.66
2024-04-22,1886.74,1908.49,1886.47,1904.9
2024-04-23,1908.69,1924.21,1906.05,1923.12
2024-04-24,1918.54,1918.54,1898.7,1898.82
2024-04-25,1898.4,1899.0,1856.73,1861.28
2024-04-26,1872.04,1905.99,1871.69,1902.64
2024-04-29,1909.17,1919.65,1904.13,1906.47
2024-04-30,1907.86,1915.17,1891.17,1905.07
2024-05-01,1896.59,1902.9,1884.3,1893.35
2024-05-02,1900.8,1903.05,1877.74,1881.27
2024-05-03,1871.99,1900.66,1865.03,1887.99
2024-05-06,1891.83,1898.63,1883.58,1896.88
2024-05-07,1906.36,1924.39,1892.63,1924.04
2024-05-08,1929.29,1934.13,1921.88,1931.79
2024-05-13,1958.75,1961.12,1948.74,1959.21
2024-05-14,1963.32,1970.69,1957.85,1961.34
2024-05-15,1969.01,1986.68,1968.98,1983.82
2024-05-16,1982.21,1995.42,1977.78,1995.11
2024-05-17,1989.5,2000.91,1983.53,1983.77
2024-05-21,1976.74,1987.06,1974.26,1984.46
2024-05-22,1979.14,1981.5,1966.02,1981.36
2024-05-23,1979.11,1996.41,1978.73,1986.03
2024-05-24,1976.38,1979.76,1968.01,1972.85
2024-05-28,1990.7,2002.22,1984.1,1987.08
2024-05-29,1975.23,1977.77,1959.43,1959.43
2024-05-30,1960.12,1978.68,1957.45,1968.92
2024-05-31,1965.73,1985.93,1964.47,1982.2
2024-06-03,1992.49,1996.65,1975.41,1975.6
2024-06-04,1985.78,1989.29,1970.01,1975.68
2024-06-06,2005.41,2018.79,2002.43,2009.49
2024-06-07,2010.66,2018.26,1997.61,2015.3
2024-06-10,2005.54,2011.75,1996.73,2008.69
2024-06-11,2010.42,2013.53,1985.22,1991.44
2024-06-12,1991.66,2009.94,1983.86,2004.08
2024-06-13,2000.1,2009.86,1985.23,1985.23
2024-06-14,1988.93,1993.95,1964.24,1967.76
2024-06-17,1968.28,1976.48,1951.71,1956.15
2024-06-18,1958.31,1967.25,1955.47,1965.55
2024-06-20,1965.44,1984.32,1964.26,1984.32
2024-06-21,1980.15,1988.49,1965.72,1971.67
2024-06-24,1969.84,1992.63,1966.9,1985.8
2024-06-25,1986.23,1995.59,1983.85,1995.33
2024-06-26,1995.4,2010.59,1988.17,1991.69
2024-06-27,1984.99,1986.16,1965.32,1967.72
2024-06-28,1973.87,1980.72,1951.89,1953.52
2024-07-01,1967.4,1979.82,1951.75,1971.44
2024-07-02,1969.01,1971.13,1945.08,1958.12
2024-07-03,1958.95,1970.87,1954.26,1967.92
2024-07-05,1984.95,1992.98,1972.62,1978.74
2024-07-08,1978.43,1985.68,1974.31,1976.27
2024-07-09,1975.53,1981.56,1958.93,1959.38
2024-07-10,1966.43,1982.56,1965.32,1980.48
2024-07-11,1989.15,1994.13,1978.25,1989.55
2024-07-12,1991.15,1999.83,1983.94,1997.67
2024-07-15,1985.78,1990.72,1960.32,1962.78
2024-07-16,1956.15,1960.49,1947.83,1957.66
2024-07-17,1944.9,1944.9,1914.41,1916.41
2024-07-18,1920.55,1942.28,1913.1,1921.3
2024-07-19,1922.69,1943.52,1921.63,1939.44
2024-07-22,1951.52,1961.85,1950.47,1955.52
2024-07-23,1963.1,1969.57,1953.98,1962.52
2024-07-24,1964.75,1979.15,1963.62,1972.72
2024-07-25,1964.62,1965.66,1945.05,1963.25
2024-07-26,1967.46,1971.36,1958.1,1964.71
2024-07-29,1967.86,1983.74,1964.96,1973.08
2024-07-30,1976.57,1997.42,1976.57,1995.74
2024-07-31,2004.13,2017.45,2001.93,2010.67
2024-08-01,2013.67,2021.23,1995.03,1996.49
2024-08-02,1980.72,1981.68,1945.07,1946.99
2024-08-05,1893.82,1910.61,1862.4,1877.89
2024-08-06,1916.78,1924.98,1886.25,1908.23
2024-08-07,1914.0,1932.1,1889.69,1921.14
2024-08-08,1913.91,1926.96,1892.11,1926.09
2024-08-09,1940.66,1951.48,1926.83,1944.39
2024-08-12,1948.16,1958.81,1925.54,1927.51
2024-08-13,1929.02,1952.27,1920.25,1951.79
2024-08-14,1957.21,1963.72,1950.84,1957.47
2024-08-15,1960.36,1983.89,1957.37,1979.1
2024-08-16,1980.85,1986.58,1970.42,1974.11
2024-08-19,1972.99,1989.72,1972.69,1988.17
2024-08-20,1986.14,1995.18,1961.44,1961.66
2024-08-21,1967.0,1970.45,1954.54,1956.87
2024-08-22,1954.0,1975.5,1953.88,1969.52
2024-08-23,1968.6,1975.44,1958.38,1972.43
2024-08-26,1973.32,1975.89,1960.78,1963.98
2024-08-27,1967.49,1980.06,1957.71,1972.71
2024-08-28,1974.16,1978.87,1965.63,1969.83
2024-08-29,1967.47,1992.93,1967.39,1991.13
2024-08-30,1988.24,1994.39,1983.96,1989.3
2024-09-03,1993.89,2008.11,1981.81,1987.29
2024-09-04,1957.67,1979.3,1953.93,1979.06
2024-09-05,1980.71,1987.38,1959.7,1962.72
2024-09-06,1954.9,1977.71,1945.78,1955.48
2024-09-09,1958.53,1969.93,1956.71,1959.98
2024-09-10,1958.01,1970.51,1949.95,1951.4
2024-09-11,1961.15,1986.1,1957.82,1973.23
2024-09-12,1996.08,2018.13,1995.51,2009.95
2024-09-13,2025.73,2041.7,2021.39,2039.66
2024-09-16,2035.35,2045.1,2028.53,2028.56
2024-09-17,2031.17,2037.32,2026.83,2030.35
2024-09-18,2025.06,2026.3,1996.31,2011.93
2024-09-19,2034.39,2037.86,2018.91,2019.18
2024-09-20,2020.63,2025.03,1984.92,1986.54
2024-09-23,1982.0,1987.57,1970.83,1976.84
2024-09-24,1988.8,1991.52,1960.83,1965.87
2024-09-25,1963.56,1988.29,1963.06,1970.56
2024-09-26,1985.54,1993.1,1965.56,1965.78
2024-09-27,1963.83,1964.19,1951.22,1960.42
2024-09-30,1949.76,1966.58,1942.06,1949.87
2024-10-01,1951.74,1952.84,1921.02,1924.97
2024-10-02,1929.9,1935.51,1913.11,1925.37
2024-10-03,1922.42,1923.97,1908.61,1911.14
2024-10-04,1911.53,1932.22,1909.17,1916.18
2024-10-07,1915.26,1938.15,1910.9,1937.75
2024-10-08,1924.93,1948.94,1924.93,1942.01
2024-10-09,1940.38,1948.16,1931.46,1947.53
2024-10-10,1940.19,1949.83,1931.62,1934.97
2024-10-11,1937.5,1944.18,1932.18,1942.79
2024-10-14,1942.37,1946.88,1936.24,1944.29
2024-10-15,1946.75,1950.32,1929.22,1930.4
2024-10-16,1925.21,1928.54,1916.34,1924.24
2024-10-17,1923.58,1943.79,1920.84,1939.75
2024-10-18,1936.24,1947.69,1932.52,1935.83
2024-10-21,1937.14,1944.56,1931.85,1933.07
2024-10-22,1937.96,1938.29,1911.91,1924.34
2024-10-23,1920.86,1931.36,1918.81,1923.45
2024-10-24,1923.26,1930.54,1920.0,1922.53
2024-10-25,1914.95,1925.44,1913.14,1918.77
2024-10-28,1924.03,1926.13,1908.76,1921.39
2024-10-29,1924.65,1929.78,1905.09,1906.55
2024-10-30,1900.74,1901.19,1870.88,1882.9
2024-10-31,1876.26,1885.86,1868.03,1875.7
